128
4098 3915 3792 3663 3689 4052 3925 3575 4112 3800 3462 3805 4119 3671 3762 3614 3659 3738 3826 3701 3651 3823 3701 3607 3724 3801 3813 4053 3764 3407 3872 3571 3632 3623 3705 3514 3607 3882 3570 3605 3953 3887 3615 3449 4103 3626 3996 3816 3539 3843 3725 3352 3687 3934 3942 3967 3781 3852 3648 3719 3909 3702 3947 3780 3658 3946 3611 3543 3968 3696 3879 3591 3628 3644 3784 3908 4052 3500 3109 3403 3763 3635 3742 3771 3764 3899 3697 3391 3704 3346 3813 4077 3779 3530 3630 3832 3758 3752 3922 3525 3923 3942 3881 3597 4187 3312 3639 3476 3826 3902 4050 3812 3986 4123 3943 3874 4226 4042 4051 3566 3647 3811 3977 3653 3913 3905 3761 3525
4372 4123 4184 4022 4124 4363 3980 3943 4157 4110 3808 4165 4055 3778 4088 4046 3731 3808 4177 3642 3979 4195 4272 3972 4105 3950 4061 4273 3881 3603 4023 3996 3970 3788 4158 3705 3806 4090 3875 4028 4241 3999 3832 3817 4289 3941 3979 4043 3924 3923 3972 3770 3870 4094 4287 4173 3924 4165 4032 3996 4341 3946 4129 4231 3896 4101 4022 3673 4120 3829 3958 3742 3987 3808 4088 4127 4315 3878 3450 3487 3890 3954 3899 4067 4206 4046 4092 3802 3944 3695 4310 4142 4004 3800 3823 3894 4080 4098 3878 3790 4000 4297 4201 4010 4551 3826 3522 3804 4090 4169 4312 4249 4326 4417 4244 4130 4465 4343 4100 3629 3974 4252 4136 3893 4053 4063 4055 3611
4354 4368 4373 3901 4149 4301 4149 4111 4277 4059 3919 4225 4344 4025 4167 4061 3767 4189 4220 3761 4013 4237 4247 3961 4226 3984 4126 4294 4010 3734 3958 4171 4009 3987 3963 3603 3757 3928 4065 3852 4255 4001 3921 3782 4320 3978 4180 4036 3843 4233 3914 3747 3931 4194 4309 4158 4136 4323 4106 4086 4401 3983 4291 4138 3811 4341 4056 4008 4331 3928 4189 3931 4173 4048 4133 4297 4380 4041 3638 3468 3749 3785 4009 3981 3979 4239 4070 3970 3989 3911 4076 4457 4116 4026 4311 3883 4139 4156 4181 3674 4175 4319 4207 4149 4733 3765 3763 3892 4266 4133 4286 4243 4315 4398 4247 4180 4401 4285 4075 3808 3859 4181 4217 3906 4277 4135 4139 3791
4209 4030 4268 3873 4131 4057 3919 3856 3999 3744 3902 3967 4216 3867 3842 3828 3709 3943 4069 3851 3977 3791 4073 3652 4080 3860 3758 4021 3774 3468 3779 3783 3923 3763 4034 3675 3795 3835 3813 3657 4184 3786 3659 3831 4119 3733 4040 3899 3785 3876 3563 3669 3707 3983 4020 4053 3868 3901 4052 4023 4186 3918 4018 3987 3697 4079 3685 3812 4222 3746 4174 3715 3925 3849 3895 4111 4090 4124 3478 3502 3661 3926 3972 3736 4028 4166 3686 3656 3793 3732 3876 3957 3890 3718 3965 3807 3938 4058 3976 3561 3984 4151 4171 4059 4336 3514 3491 3683 4067 3916 4130 4065 4029 4158 4066 3728 4305 4127 4123 3674 3961 4196 3729 3605 4112 4003 3740 3652
3942 4145 4129 3742 3951 4092 3880 3851 3935 3900 3729 4046 4054 3637 3994 3796 3677 3819 3980 3813 3726 3949 3978 3811 3920 3637 3898 4042 3775 3465 3735 3602 3683 3530 3828 3692 3583 3717 3862 3604 4060 3819 3556 3466 4146 3843 4041 3813 3655 3845 3791 3585 3689 3961 3941 4110 3808 4097 3646 3647 4022 3648 4041 3960 3667 4004 3851 3644 4045 3622 3791 3678 3969 3673 3790 4046 3957 3617 3352 3287 3689 3722 3577 3754 3721 3996 3935 3643 3431 3589 3768 4061 3811 3458 3892 3669 3864 3892 3983 3358 3944 3980 3773 3835 4017 3471 3442 3504 4001 3947 4026 3993 4070 4056 3863 3948 4203 3893 3960 3674 3606 3995 3846 3855 3952 3763 3911 3368
4286 3910 4004 3744 3931 4118 3850 3583 4121 3821 3605 4125 4200 3702 3875 3762 3633 3979 3972 3828 3885 3931 3947 3931 3910 3772 3927 4151 3960 3504 3706 3915 3703 3582 4028 3608 3685 4033 3608 3768 4055 3860 3867 3622 3866 3795 3891 3916 3662 3939 3750 3505 3782 4047 4050 4178 3744 3918 3748 3892 4140 3790 4093 3874 3775 4272 3569 3654 4081 3812 3976 3652 3891 3566 3899 4109 3926 3682 3354 3430 3856 3756 3786 3696 4000 4016 3765 3438 3808 3633 4005 3871 4001 3863 3859 3874 3992 3872 3781 3523 3962 4095 3887 3936 4114 3567 3610 3662 3968 3926 4077 3957 3919 4103 4192 3867 4359 4258 4121 3535 3599 3895 4105 3724 4006 3888 3903 3456
4258 4058 4339 3887 3835 4295 4108 3902 4251 3876 3840 4073 4206 3920 3961 3974 3724 3939 4163 3999 3975 4081 3913 3966 4346 3935 4248 4048 3922 3702 4097 4008 3916 3949 4077 3706 3752 3941 3821 3813 4294 3869 3877 3857 4057 4016 4022 3979 3850 4202 4042 3538 3903 4113 4189 4114 3894 4085 4058 3977 4295 3978 4206 3957 3785 4377 3903 3992 4138 3961 3907 3728 4034 3964 4188 4280 4230 3885 3544 3543 3909 3887 3942 4050 4053 4178 4157 3671 3961 3777 4117 4189 4081 3832 4254 4051 4082 3969 3890 3907 4108 4120 4230 3914 4621 3747 3613 3814 4228 3810 4363 4098 4311 4379 4238 3955 4452 4439 4143 3726 3746 4137 3982 3770 4008 4034 4303 3635
4315 4241 4240 4009 4135 4376 4445 4061 4284 4231 3978 4085 4341 4187 4120 3950 4003 4059 4512 3924 4067 4339 4343 4204 4127 3947 4071 4457 4018 3754 4130 3810 4199 4011 4111 3653 3898 4087 4163 3848 4340 4164 3718 3921 4403 3981 4438 4188 3939 4253 4006 3550 3950 4238 4496 4469 4070 4211 4147 4001 4340 4009 4180 4127 3977 4562 4005 3984 4373 3984 4192 3929 4055 4036 4178 4375 4356 4078 3668 3678 3906 3987 4161 3791 4184 4284 4141 3989 3905 4002 4209 4260 4095 4017 4210 4058 4250 4038 4152 3613 3983 4216 4319 4276 4424 3745 3882 3684 4108 4141 4404 4176 4475 4396 4197 4181 4555 4611 4342 3786 3796 4417 4211 4099 4146 3937 4169 3751
4247 4023 4267 3902 4020 4249 4153 4009 4213 3951 3632 4266 4301 4031 4223 3958 3729 4061 4181 3958 4017 4047 4014 3828 4170 4115 3992 4278 3950 3662 3988 3934 3969 3793 3941 3630 3632 4027 3940 3767 4433 3932 3872 3865 4282 4093 3958 3892 3877 4172 3975 3803 3927 4513 4204 4139 3953 4205 3881 3980 4441 3997 4222 3949 3782 4316 4054 3782 4219 3903 4002 3835 3843 3854 4087 4212 4224 3946 3588 3532 3909 3892 3869 3825 3952 4355 3936 3778 3947 3650 4065 4146 4064 3785 4080 3967 4034 4165 4075 3684 4249 4345 4127 3831 4341 3553 3783 3824 4088 4214 4216 4101 4027 4462 4255 4010 4548 4506 4193 3767 3745 4188 4185 3767 4232 3983 4013 3677
4174 4108 4013 3819 3855 4173 3888 3875 4037 3862 3602 3731 3986 3664 3989 4015 3632 3746 3832 3819 3884 4097 3912 3786 3871 3634 3951 4205 3592 3405 3645 3711 3839 3514 3887 3499 3481 4115 3694 3602 4054 3860 3534 3719 4044 3887 3915 3682 3635 3983 3734 3503 3550 3990 3920 4004 3874 3930 3772 3680 4100 3672 4013 3761 3608 3871 3782 3710 4047 3786 3879 3742 3844 3663 3913 4150 4167 3720 3499 3391 3686 3824 3744 3757 3940 3952 3808 3611 3647 3509 3910 3949 3869 3791 4046 3656 3819 3985 3947 3603 4054 3928 4026 3766 4358 3569 3304 3817 3907 3966 4064 4034 4118 4057 4078 3869 4256 4200 3810 3575 3689 3845 3923 3791 3905 4054 3825 3522
4216 4071 4113 3965 3852 4208 4035 3908 4127 3996 3788 4087 4158 3834 3931 4014 3785 4116 4198 3923 3889 4098 4226 3994 4303 3748 4167 4147 3769 3756 4001 3951 4006 3856 4112 3519 3656 4021 3845 3763 4253 3910 3756 3855 4134 3974 4104 3937 3785 4060 3957 3658 3829 4002 4089 4184 3946 4208 3959 3903 4398 3882 4011 4056 3798 4356 3911 3960 3983 3952 4083 3909 4008 3759 4155 4239 4372 3995 3499 3521 3836 3721 4062 3702 3993 4175 3977 3924 3837 3853 4063 4089 3949 3885 4193 3886 4058 3925 4041 3798 4067 4081 4135 4118 4498 3815 3526 3777 4064 3902 4237 4290 4178 4228 4100 3770 4293 4266 4062 3714 3918 4273 4072 3735 3959 4016 4029 3796
4351 4104 4096 3940 3977 4206 4180 3800 4197 3958 3759 3957 4281 3866 3798 3895 3680 3924 4040 3808 3939 3917 4069 3719 4089 4117 4116 4114 3829 3550 3902 3842 3938 3767 3896 3611 3725 3896 3776 3654 4004 4004 3724 3601 3945 3882 4105 3975 3932 4092 3814 3517 3950 3947 4161 4040 3896 3976 3782 3810 4318 3847 4025 3910 3704 4167 3770 3677 4248 3797 4195 3853 3757 3866 4067 4008 4157 3800 3522 3489 3701 3801 3898 3830 3903 4222 3843 3744 3776 3780 4034 4136 3976 3702 3998 3743 3961 4071 3945 3670 4032 4073 4036 3803 4347 3678 3677 3554 4083 4193 4233 4020 4123 4270 4158 3765 4305 4296 4210 3728 3925 4007 3863 3683 4096 4002 3971 3513
3723 3674 3822 3457 3910 3932 3885 3608 3890 3829 3599 3928 4054 3733 3718 3744 3525 3905 3956 3636 3730 3746 3860 3637 3661 3620 3768 4077 3718 3272 3676 3640 3637 3548 3775 3577 3578 3712 3600 3500 4098 3679 3588 3587 3875 3691 3934 3889 3758 3879 3449 3531 3436 3789 3976 3968 3823 3775 3762 3654 4034 3741 3975 3747 3553 3942 3688 3437 4099 3660 3870 3608 3612 3683 3879 3877 4071 3646 3341 3394 3729 3700 3743 3720 3841 3935 3872 3371 3505 3475 3699 4022 3654 3519 3768 3547 3837 3609 3861 3470 3752 3864 3791 3707 4155 3483 3493 3430 3874 3817 4001 3711 3853 4047 3817 3812 4157 4018 3943 3621 3473 3920 3892 3454 3927 3791 3717 3504
4446 4294 4331 4116 4186 4362 4023 4044 4040 4030 4014 4342 4185 3931 4130 4170 3795 3981 4169 3847 3930 4136 4095 4202 4034 3883 3895 4222 4093 3648 3987 4036 3951 3971 4053 3889 3697 4075 4041 3757 4327 3846 3870 3886 4224 4173 4243 4114 4030 4121 4023 3755 3833 4150 4394 4260 4166 4268 3931 3962 4456 3967 4181 4257 4013 4293 3979 3935 4259 3848 4024 3720 3997 4068 4158 4065 4391 4040 3651 3709 3913 3983 4205 3956 4224 4270 4039 3825 3810 4056 4103 4275 4071 4180 4154 4034 4166 3951 4264 3655 4132 4323 4219 4080 4475 3688 3671 3880 4216 4226 4332 4109 4505 4504 4172 4057 4540 4506 4344 3731 3866 4228 4216 3770 4308 4159 4087 3638
3830 3632 3818 3572 3667 3951 3719 3688 4024 3632 3399 3891 4021 3650 3725 3592 3280 3982 3788 3505 3590 3690 3787 3580 3723 3554 3625 3862 3506 3388 3665 3607 3730 3639 3772 3440 3368 3741 3496 3359 3971 3647 3617 3514 3811 3640 3820 3643 3445 3849 3654 3180 3592 3609 3916 3904 3684 3862 3593 3583 3760 3646 3981 3833 3629 3847 3714 3596 3946 3641 3880 3479 3622 3579 3759 3865 4057 3486 3296 3331 3578 3702 3702 3541 3644 3923 3705 3348 3785 3408 3654 3839 3739 3603 3803 3510 3714 3866 3743 3362 3862 3857 3802 3697 4066 3348 3419 3417 3918 3844 3940 3841 3900 3974 3868 3599 4130 4069 3809 3509 3456 3802 3756 3535 3835 3796 3527 3472
4189 4220 4134 3770 4031 3994 3874 3856 4362 3889 3744 4047 4186 3896 4034 3892 3699 3940 4021 3830 4029 4159 3973 3819 4230 3813 3932 4141 3923 3688 3816 3972 3845 3792 3924 3704 3769 3904 3883 3744 4232 3936 3608 3769 3933 3806 4289 4098 3662 4303 3928 3602 3830 4022 4278 4287 4048 4169 4011 3966 4257 3732 4157 4227 3667 4109 3709 3948 4189 3828 4009 3793 3974 3776 4180 4282 4168 3790 3618 3454 3821 4003 3833 3918 4026 4268 3960 3713 3902 3733 4048 4191 3866 3871 3995 3740 3984 4075 4094 3753 4335 4320 4090 4124 4507 3539 3510 3758 4106 4104 4164 4180 4123 4287 4085 4103 4423 4160 4078 3696 3890 4091 4009 3759 4221 4016 4044 3696
3890 3792 3851 3509 3687 3816 3665 3589 3563 3560 3365 3591 3641 3443 3657 3522 3511 3610 3602 3506 3427 3710 3652 3452 3789 3432 3544 3694 3620 3245 3437 3518 3556 3423 3601 3393 3308 3579 3337 3511 3684 3617 3446 3414 3868 3468 3763 3667 3503 3638 3550 3400 3559 3681 3909 3822 3462 3675 3483 3631 3807 3594 3834 3625 3615 3866 3691 3450 3952 3575 3552 3387 3654 3455 3577 3818 3931 3668 3140 3256 3392 3386 3506 3485 3611 3822 3590 3233 3489 3270 3714 3903 3734 3446 3696 3587 3658 3607 3677 3390 3687 3807 3717 3654 4151 3319 3189 3311 3734 3745 3964 3613 3847 3813 3788 3648 4017 3924 3628 3306 3442 3648 3705 3447 3877 3724 3752 3201
4097 3888 3996 3659 3850 3809 3789 3609 3988 3783 3621 3849 4027 3591 3778 3739 3617 3818 3769 3583 3900 3702 3758 3630 4046 3611 3768 4027 3722 3431 3724 3586 3653 3672 3794 3470 3507 3754 3774 3442 3906 3809 3534 3622 3985 3617 4119 3656 3349 3978 3664 3493 3814 3970 3917 3928 3634 3964 3864 3699 4295 3702 3839 3873 3528 4136 3599 3745 4035 3710 3606 3474 3870 3604 3659 4015 3979 3618 3258 3211 3667 3760 3599 3728 3701 3935 3594 3584 3669 3531 3854 3888 3743 3583 3966 3496 3839 3740 4000 3525 3969 4098 4023 3854 4046 3376 3309 3488 3802 4010 4004 3869 3987 4036 3836 3742 4206 4000 3836 3477 3732 3845 3855 3502 4077 3860 3859 3416
4465 4441 4526 4163 4591 4270 4088 3922 4319 4186 3914 4408 4509 4101 4257 4074 3970 4069 4571 3931 4125 4293 4535 4333 4242 4035 4121 4417 4087 3925 4288 4270 4165 4102 4209 3851 4034 4206 4216 4057 4418 4150 4139 3942 4376 4043 4176 4214 3968 4211 4012 3914 4082 4344 4420 4540 4084 4425 4345 4201 4509 3969 4316 4231 4125 4522 3976 4072 4440 4088 4298 4003 4208 4243 4247 4446 4466 4160 3732 3650 3995 4121 4289 4143 4168 4428 4245 3902 4034 3826 4171 4380 4241 4037 4328 4108 4322 4170 4241 3965 4176 4477 4402 4338 4744 3899 3899 3926 4258 4127 4291 4210 4378 4527 4272 4209 4641 4527 4178 3818 4040 4398 4171 3910 4289 4055 4241 3892
4125 3975 4011 3686 3960 4077 3922 3591 4009 3675 3745 4161 4079 3703 3858 3753 3598 3987 4005 3759 3838 3902 4044 3930 3920 3839 3819 4067 3951 3647 3809 3638 3734 3563 3872 3467 3644 3960 3748 3674 4307 4044 3690 3686 3951 3891 3731 3953 3766 4043 3909 3578 3855 4028 3955 4115 3952 4192 3898 3783 4075 3862 3962 4049 3675 4093 3738 3744 4051 3802 3949 3665 3884 3877 3940 4137 4307 3578 3416 3476 3705 3839 3806 3811 3871 4201 3864 3581 3655 3413 3949 4012 3877 3672 3998 3850 3906 3993 4027 3787 3964 4142 3982 3932 4259 3631 3517 3601 3919 4054 4004 4013 3937 4213 4016 3907 4244 4288 4096 3515 3771 3904 3984 3672 4111 4057 3942 3641
4116 4165 4009 3722 4007 4118 3865 3817 4026 3693 3693 3994 4072 3631 4031 3904 3646 3743 4269 3557 3729 3971 4153 3783 3924 3657 3811 4055 3787 3484 3771 3824 3755 3686 3926 3538 3648 3923 3631 3630 3964 3663 3691 3550 4076 3641 4031 3829 3548 3789 3633 3524 3789 4003 4095 4086 3847 4120 3642 3776 4048 3684 3890 3888 3602 4108 3723 3670 3918 3898 3872 3653 3824 3654 3879 4047 3913 3698 3261 3292 3743 3552 3773 3740 3984 4024 3806 3567 3648 3604 3851 3858 3881 3784 3806 3754 3914 3871 3868 3528 3774 4339 3967 3867 4334 3534 3487 3641 4021 3691 3957 3965 3954 4044 4107 3953 4025 4166 3836 3625 3656 3975 3837 3704 4011 3818 3889 3378
4170 4013 4087 3748 4230 4011 3702 3705 4056 3896 3548 4157 4216 3792 3942 3814 3704 3802 3972 3659 3791 3939 4150 3902 3927 3840 3819 4199 3739 3500 3932 3702 3721 3712 3975 3690 3664 3884 3827 3581 3883 3878 3785 3533 4144 3681 3959 3974 3638 3884 3783 3450 3793 3797 4108 4211 3788 4117 3690 3781 4127 3942 4015 3898 3984 4014 3649 3479 4256 3836 4055 3749 4028 3862 3690 3992 4097 3935 3508 3356 3767 3866 3824 3865 3821 3979 4038 3431 3702 3636 4072 4053 3802 3782 3935 3727 3966 3922 3964 3519 4057 4110 3875 3919 4290 3871 3591 3497 4002 3904 4034 4101 4038 4146 3932 3752 4292 4139 3964 3506 3772 3978 3891 3645 3971 3908 3853 3457
4341 4509 4259 3994 4120 4389 4021 3906 4378 3998 3739 4321 4302 4079 4087 4077 3794 4119 4212 3847 3963 4213 4235 4137 4127 3923 4082 4546 3890 3746 3933 4094 4030 3971 4012 3791 3731 4225 3956 3971 4332 4090 3766 4069 4101 4067 4125 4296 3768 4230 3909 3642 4022 4140 4515 4353 4026 4178 4029 4074 4549 4128 4269 4066 3978 4391 3894 4018 4320 4185 4173 3981 4207 4112 4253 4246 4239 3938 3662 3637 3821 3823 4154 4077 4239 4389 4046 3720 4084 3835 4161 4154 4162 3943 4079 3981 4150 4252 4059 3749 4269 4277 4237 4026 4723 3872 3795 3671 4356 4209 4376 4270 4155 4259 4246 4238 4425 4528 4192 3669 3953 4087 4215 3696 4275 4069 4287 3681
3956 3967 4034 3678 3909 3999 3723 3541 3962 3654 3645 3985 3878 3596 3800 3692 3311 3705 3901 3533 3776 3896 4006 3601 3834 3669 3635 3955 3721 3252 3671 3702 3677 3654 3781 3548 3500 3827 3593 3521 3947 3569 3587 3509 4001 3574 3835 3627 3476 3817 3562 3462 3750 3895 4040 3941 3677 3957 3741 3750 4150 3691 3845 3715 3588 3878 3762 3534 4079 3776 3669 3573 3657 3621 3655 3884 3830 3722 3331 3224 3737 3575 3599 3575 3752 3815 3794 3475 3575 3415 3764 3883 3758 3686 3850 3447 3779 3875 3893 3335 3921 4005 3906 3692 4097 3498 3307 3468 3984 3879 4006 3804 3895 3944 3923 3722 4051 4122 3795 3407 3492 3764 3758 3584 3945 3756 3630 3411
4328 4237 4183 3877 4093 4224 4128 3796 4254 3828 3747 4215 4280 3871 3882 3970 3897 3905 4288 3759 3934 4116 4150 3961 4062 3949 4085 4286 3927 3496 3989 4019 4019 3829 4161 3697 3703 4076 3696 3796 4166 3924 3724 3733 4383 3802 4313 4052 3904 4040 3745 3608 3990 4118 4172 4167 3912 4335 4027 3827 4375 3990 4049 4009 3782 4103 3842 3775 4399 4013 4134 3734 3999 3711 4054 4228 4113 3898 3619 3630 3833 3868 3876 3938 4109 4101 4028 3680 3699 3766 3887 4194 3888 3828 4057 3732 4038 4089 4146 3614 4114 4319 4116 4045 4453 3737 3694 3604 3966 4101 4114 4113 4041 4225 4072 3914 4308 4473 3949 3732 3831 4169 4037 3886 3961 4028 3930 3663
4039 4162 3925 3800 3911 4110 3954 3720 4019 3798 3648 4084 4133 3680 3628 3796 3738 3796 4008 3562 3735 3823 3790 3575 4005 3636 3865 4159 3596 3399 3827 3681 3621 3666 4031 3510 3482 3883 3672 3548 3999 3701 3546 3663 4113 3698 4019 3904 3524 3856 3602 3556 3688 3848 3971 3938 3629 4044 3910 3832 4021 3853 3979 3833 3826 4011 3628 3619 4149 3710 3824 3707 3779 3788 3681 3997 3865 3857 3512 3417 3505 3735 3670 3717 3767 3991 3820 3544 3618 3592 3798 3948 3738 3499 4022 3700 3841 3833 3847 3362 3859 3966 3886 3836 4226 3554 3591 3548 4023 3770 3942 3902 4051 4040 3928 3972 4175 4094 3817 3542 3705 3937 3831 3647 3958 3713 3932 3263
4330 4245 4142 3924 4132 4207 3860 3696 4082 3841 3840 4031 4194 3871 3939 3907 3678 3894 4171 3791 3958 4096 4149 4127 4104 3768 3906 4138 3882 3627 3973 3938 3811 3881 4176 3716 3819 4003 3911 3724 4064 3939 3667 3789 4115 3828 4264 4067 3702 3895 4021 3569 4046 4026 4226 4074 3938 4048 3802 3963 4306 3955 4063 4210 3829 4414 3692 3800 4086 3936 4224 3855 4171 3894 4132 4192 4231 3923 3623 3531 3789 3712 3985 3983 4067 4251 4002 3694 3688 3950 4132 4127 3986 3918 4161 3840 4199 4029 4170 3805 4032 4333 3948 4030 4508 3770 3701 3738 4141 4017 4142 4332 4170 4338 4186 3977 4294 4220 4264 3708 3961 4231 4102 3894 4098 4129 4116 3744
4262 4266 4329 3971 4150 4398 3961 3925 4351 4076 3760 4274 4297 3976 4175 3962 3777 3848 4290 3845 4037 4277 4162 4145 4132 3964 4028 4330 3852 3769 4076 3965 4025 3867 4133 3851 3820 4170 4033 3816 4277 4122 3944 3802 4216 4132 4173 4084 3807 4210 4025 3698 3873 4206 4201 4574 4105 4200 4024 3990 4232 3906 4265 4231 4130 4317 4039 3831 4451 3824 4083 3940 4071 4008 4144 4327 4313 3838 3476 3511 3960 4073 4066 4015 4055 4316 4131 3667 3989 3751 4260 4212 4095 3977 4168 3944 4150 4157 4080 3884 4263 4225 4233 4108 4517 3880 3667 3854 4384 4232 4439 4351 4334 4590 4255 4290 4468 4494 4247 3800 3836 3939 4281 3859 4230 4095 4260 3741
4241 4160 4007 3921 3914 4196 3811 3751 4236 3882 3617 3959 4222 3976 3957 3801 3653 3760 3965 3872 3980 4128 4071 3947 4076 3888 4145 4107 3853 3651 4010 3808 3816 3767 3942 3666 3717 3853 3812 3684 3895 4053 3881 3807 4043 3862 4126 3948 3771 4086 3782 3458 3907 3916 4239 4011 3877 4138 3792 3849 4219 3947 4039 4028 3713 4351 3810 3857 4205 3889 4027 3750 3976 3831 4050 3947 4251 3771 3602 3640 3781 3836 3876 3954 4094 4009 3943 3588 3721 3676 4113 4094 3912 3686 3836 3872 3949 3977 4101 3580 4091 4117 4014 3766 4458 3766 3696 3703 4160 4045 4151 4164 4098 4188 4139 3897 4287 4330 4191 3635 3789 4116 4010 3981 4074 4034 4050 3439
3888 3915 3891 3706 3905 3902 3778 3514 4086 3645 3640 3879 4014 3835 3821 3662 3536 3801 3881 3482 3741 3946 3871 3748 3889 3582 3765 3996 3648 3394 3698 3594 3896 3539 3803 3481 3682 3767 3819 3594 3920 3711 3505 3624 3898 3665 3963 3770 3686 3799 3667 3142 3656 3949 4036 3917 3891 3825 3784 3780 4023 3710 3857 3883 3673 4066 3625 3563 3991 3708 4064 3737 3722 3576 3850 4015 3925 3706 3495 3278 3578 3703 3752 3661 3939 3929 3751 3528 3669 3555 3845 3859 3840 3667 3919 3626 3751 3893 3682 3476 3845 4037 3899 3823 4249 3494 3550 3470 3776 3932 3876 3913 3932 4030 3981 3752 4190 4162 3889 3415 3574 3903 3915 3645 3942 3825 3777 3566
4197 4011 4211 3876 4028 4013 3862 3671 4245 3762 3541 4078 4214 3918 3967 3675 3763 3808 3960 3639 3870 4002 3971 3863 4058 3658 3755 4010 3692 3645 3826 3850 3969 3766 4152 3641 3687 3935 3790 3581 4042 3893 3703 3647 4080 3729 4024 3950 3627 3890 3769 3484 3752 3844 4260 4139 3886 4019 3998 3981 4213 3916 3981 3919 4015 4378 3595 3793 4190 3754 3816 3698 4040 3885 3926 4025 4059 4012 3499 3418 3687 3778 3930 3726 3822 4023 3783 3569 3815 3549 3949 4165 3828 3805 3897 3842 3952 3984 4037 3577 4000 4062 3928 4126 4400 3551 3563 3677 4184 3962 4110 4150 4184 4064 3877 3975 4157 4062 3861 3485 3702 4082 3946 3646 4000 3705 3796 3637
4348 4234 4263 3910 4078 4348 4349 3931 4217 4124 4054 4260 4362 3949 4117 4156 4001 3989 4316 3803 4057 4187 4219 3977 4179 3934 4189 4316 3976 3746 4050 4011 3945 3987 4089 3633 3882 4162 3745 3886 4293 4056 3832 3823 4329 4049 4289 3856 4002 4100 3771 3667 3863 4125 3971 4008 4060 4258 4081 3857 4490 3872 4122 3969 3746 4284 3973 3925 4354 4089 4195 3937 3889 3848 4032 4185 4105 3973 3702 3491 3743 3995 3989 3996 4121 4229 4051 3867 3778 3733 4063 4483 4010 4003 4027 3820 4073 4226 4230 3696 4134 4224 4098 4058 4596 3744 3771 3793 3947 4023 4393 4086 4317 4243 4310 4054 4350 4443 4090 3824 3825 4084 4111 3827 3923 4198 4042 3610
3906 3814 3979 3666 3814 3875 4014 3609 3946 3624 3722 4030 3916 3588 3753 3699 3536 3784 3955 3504 3497 3750 4019 3530 3880 3712 3722 3983 3693 3478 3630 3842 3773 3609 4127 3505 3640 3847 3566 3559 4093 3595 3420 3528 4144 3694 3827 3872 3797 3761 3712 3530 3634 3845 4148 4010 3642 4063 3800 3975 4108 3900 4099 3862 3670 3929 3732 3411 4023 3581 4066 3407 3762 3681 3827 3911 3810 3912 3424 3257 3598 3554 3759 3594 3834 3823 3828 3488 3614 3540 4036 3844 3759 3686 3772 3873 3874 3892 3656 3421 3493 4058 3667 3755 3979 3562 3484 3501 4041 3800 4045 3859 3814 4110 4153 3827 4176 4016 3888 3373 3575 4071 3921 3598 3969 3646 3758 3324
4153 4009 4007 3864 4066 4461 4169 3908 4239 3977 3696 4024 4067 3823 4009 3889 3608 3980 4049 3477 3816 3965 4136 3760 3852 3708 3797 4118 3889 3351 3997 3817 3916 3761 3953 3422 3601 3832 3701 3610 4011 3812 3635 3603 4129 3772 3971 3979 3720 4049 3939 3585 3558 3929 4180 3913 3948 3905 3747 3779 4193 3810 3952 3902 3697 4216 3879 3612 4120 3922 3912 3743 3736 3965 3884 4026 3977 3744 3544 3479 3779 3881 3848 3756 3842 3974 3851 3717 3701 3791 4062 4158 3956 3794 3945 3716 3836 3932 3959 3582 3976 4157 3959 3856 4454 3677 3522 3600 3917 4187 4012 4148 4309 4321 4080 3921 4282 4195 4046 3697 3667 3992 4069 3743 4120 4015 3918 3638
3935 3945 3913 3881 3849 4149 3655 3573 3949 3708 3653 3797 3744 3691 3861 3721 3481 3692 3697 3553 3765 3730 4074 3608 3759 3589 3683 3793 3680 3332 3550 3703 3705 3451 3855 3408 3563 3787 3517 3467 3952 3650 3486 3659 3753 3599 3775 3844 3555 3947 3678 3416 3476 3866 4135 3800 3705 3757 3548 3812 4072 3626 3860 3822 3607 4062 3574 3452 3698 3694 3756 3581 3618 3764 3800 3906 4000 3700 3385 3273 3558 3612 3673 3569 3642 3775 3821 3434 3584 3521 3973 3855 3781 3745 3724 3445 3716 3577 3735 3503 3862 3924 3804 3671 4189 3394 3440 3560 3806 4027 3809 3837 3948 4008 3880 3743 4111 3950 3739 3453 3487 3740 3962 3560 3892 3821 3717 3274
4012 4055 3920 3732 3892 4144 3835 3500 4102 3720 3580 3839 4088 3622 3873 3671 3633 3715 3966 3538 3862 3858 3901 3633 3779 3684 3684 4102 3718 3350 3935 3550 3785 3639 3900 3479 3553 3917 3736 3555 3883 3889 3615 3591 3951 3491 4036 3797 3669 4004 3585 3462 3550 3956 4103 3860 3759 3916 3833 3630 4024 3745 3864 4006 3648 4040 3583 3651 4115 3483 3756 3613 3873 3783 3548 4181 3872 3669 3304 3144 3504 3867 3624 3814 3817 3680 3910 3501 3592 3470 4020 3941 3770 3762 3827 3566 3801 3830 3733 3575 3838 3992 3961 3730 4201 3443 3410 3463 3950 3932 3900 3944 4006 4112 3800 3821 4130 4032 3975 3566 3710 3733 3943 3667 4001 3779 3733 3460
3901 4101 3933 3631 3863 4070 3861 3647 4070 3583 3652 4148 3953 3746 3741 3732 3725 3947 3982 3457 3706 4001 3940 3681 3858 3626 3879 4053 3844 3456 3770 3548 3840 3472 3753 3432 3497 3643 3688 3532 4048 3702 3657 3659 4024 3716 4152 3810 3649 4061 3780 3410 3693 3972 3896 3970 3737 4000 3670 3795 4170 3844 3996 3866 3615 4075 3749 3657 4086 3731 3622 3745 3730 3704 3963 4011 3871 3609 3357 3295 3557 3513 3709 3610 3675 3763 3718 3680 3616 3561 3751 3871 3866 3651 3857 3506 3922 3966 3884 3455 3940 3879 4024 3737 4114 3370 3461 3520 3979 3991 4049 3917 3917 4067 3884 3715 4313 4224 3833 3700 3677 3930 3740 3593 3988 3776 3877 3609
4018 3950 3989 3804 3973 4084 3913 3778 4132 3717 3479 4064 4085 3878 3980 3591 3849 3821 4133 3656 3830 3981 4207 3868 4079 3699 3892 4122 3733 3511 3850 3789 3849 3729 4026 3491 3643 3848 3657 3647 4021 3837 3609 3806 4225 3688 4145 4087 3728 4013 3787 3611 3848 3913 4090 4305 3780 4225 4038 4023 4087 3813 4132 3801 4009 4064 3757 3688 4095 3851 3844 3892 3681 3942 3931 4024 4108 3822 3404 3417 3830 3666 3958 3712 3906 4154 3712 3573 3754 3760 4047 3990 3827 3717 3850 3866 4004 4050 3852 3445 3824 4130 3868 4012 4351 3589 3579 3474 4054 3954 4176 4104 3953 4056 4000 3979 4184 4389 3886 3379 3811 4096 3922 3777 3953 3794 3882 3569
4514 4393 4416 4012 4252 4595 4294 4024 4413 4074 3918 4421 4444 4048 4100 3972 4112 4038 4340 3985 4328 4221 4145 4095 4500 3858 4260 4464 4139 3652 4160 4264 4141 4071 4288 3907 3826 4290 4116 3992 4355 4058 4026 3960 4520 4124 4365 4302 3952 4396 4103 3941 4072 4442 4277 4368 4247 4379 4062 4090 4589 3999 4466 4400 4082 4580 4117 3932 4362 3950 4168 3853 4216 4025 4210 4292 4296 4168 3796 4005 4052 4139 3952 4011 4320 4479 4062 3840 4006 3835 4413 4376 4262 3994 4275 4154 4345 4397 4246 3804 4236 4229 4355 4035 4730 3821 3598 3985 4550 4266 4533 4443 4468 4465 4469 4354 4638 4465 4398 3951 4040 4394 4273 3964 4472 4183 4217 3662
4473 4415 4574 4295 4352 4523 4471 4113 4481 4316 4121 4487 4415 4272 4135 4137 4004 4068 4374 3953 4290 4247 4295 4091 4217 4111 4018 4369 4265 3836 4262 4210 4156 4220 4476 3707 4006 4229 4190 3980 4355 4045 4019 3955 4546 3998 4578 4282 4063 4362 4035 4046 4004 4145 4541 4606 4261 4304 4539 4295 4595 4182 4351 4312 4029 4669 4226 3997 4535 3991 4301 3989 4208 4219 4436 4329 4610 4268 3799 3737 4135 4149 4354 4151 4179 4340 4332 4075 4062 4164 4298 4535 3990 4101 4253 4159 4434 4157 4526 4039 4251 4520 4298 4385 4988 3810 3705 3998 4311 4262 4624 4470 4579 4584 4294 4216 4715 4512 4400 3827 4117 4430 4296 4033 4389 4288 4250 3911
4030 3964 4072 3813 3898 4207 3962 3602 4081 3667 3694 3951 4044 3785 3889 3809 3568 3784 4101 3856 3885 4137 4052 3885 3843 3745 3965 4112 3670 3521 4001 3736 3790 3605 3868 3472 3704 3905 3543 3762 3866 3910 3618 3772 4062 3663 3866 3827 3738 3965 3819 3382 3714 4018 3949 3995 3883 3996 3757 3625 4137 3849 3903 3950 3741 4098 3785 3648 4116 3808 3922 3708 3868 3563 3821 4181 4077 3691 3528 3559 3874 3850 3731 3767 3941 3871 3989 3538 3814 3576 3879 3860 3924 3770 3852 3758 4028 3929 4016 3643 3980 4013 4044 4003 4225 3425 3394 3676 3841 3928 4084 3985 4118 4075 3987 3764 4353 4347 4014 3451 3708 3952 3984 3743 3967 4054 3939 3599
4168 3748 4068 3808 3596 3979 3584 3641 3890 3813 3383 3923 3950 3625 3889 3774 3442 3494 3775 3581 3842 3672 3777 3664 3723 3748 3706 3929 3701 3412 3702 3714 3569 3508 3840 3361 3580 3777 3724 3683 3986 3704 3548 3475 3862 3766 3781 3593 3557 3794 3622 3533 3603 3787 3883 3777 3787 3729 4029 3762 4223 3730 3886 3510 3557 3870 3660 3699 3929 3641 3663 3427 3625 3705 3775 3941 4137 3691 3364 3197 3640 3571 3553 3711 3785 3781 3842 3575 3622 3400 3905 3923 3673 3636 3797 3710 3674 3749 3928 3642 3874 3941 3797 3750 4286 3492 3287 3598 3658 3913 4007 3820 3912 4071 3895 3587 4204 4020 3785 3284 3686 3726 3823 3518 3793 3872 3769 3502
4203 4179 4104 3828 4057 4059 4065 3791 4149 3972 3729 4215 4100 3945 3805 3807 3652 3744 4168 3798 3845 4253 3914 3933 3984 3845 4160 4078 4069 3443 3954 3822 3813 3741 3923 3573 3847 3872 3694 3547 4121 3867 3753 3647 4023 3759 4154 3996 3822 4061 3816 3526 3843 4083 3941 4162 4025 4186 3936 3851 4197 3727 4166 4031 3700 4163 3829 3810 4023 4014 3776 3931 3867 4006 4013 4028 4179 3775 3521 3496 3974 3752 3900 3887 3978 4170 4009 3585 3683 3819 4017 4167 3984 3805 4092 3845 4047 3967 4034 3752 3905 4135 3972 3837 4370 3604 3527 3619 4176 3887 4235 3944 4078 4252 4203 3939 4469 4174 4227 3871 3643 4024 3830 3857 4175 3887 3966 3544
3700 3683 3790 3486 3605 3490 3532 3326 3623 3469 3314 3631 3655 3480 3623 3390 3377 3499 3464 3416 3567 3610 3559 3469 3716 3354 3501 3753 3575 3174 3519 3475 3462 3243 3547 3089 3309 3396 3423 3317 3661 3418 3381 3238 3635 3256 3682 3685 3340 3518 3491 3178 3342 3521 3743 3818 3443 3641 3555 3588 3780 3389 3609 3712 3474 3655 3312 3455 3669 3593 3489 3413 3438 3511 3488 3645 3749 3474 2994 3108 3323 3284 3674 3564 3595 3680 3501 3148 3443 3233 3545 3746 3510 3446 3417 3559 3714 3457 3462 3357 3756 3670 3702 3716 4010 3119 3222 3166 3519 3460 3676 3639 3808 3735 3581 3536 3925 3712 3611 3301 3359 3703 3624 3261 3560 3546 3609 3196
4082 4018 3951 3888 3677 4035 4025 3637 4020 3854 3649 3966 4020 3762 3804 3770 3546 3604 3917 3826 3974 3854 4041 3903 4036 3657 3858 4126 3650 3389 3851 3987 3966 3688 3820 3363 3501 3826 3702 3596 4095 3650 3749 3534 4016 3769 3924 3802 3636 3954 3743 3408 3652 3905 4080 3928 3838 4093 3844 3696 4022 3857 3968 3727 3759 4103 3664 3849 4078 3872 3878 3710 3743 3669 3806 4103 4144 3761 3438 3508 3772 3527 3879 3638 3977 3959 3829 3566 3687 3559 3795 3845 3915 3821 3822 3634 3923 3974 3784 3608 3930 3976 4011 3714 4360 3643 3435 3545 3935 3761 4102 3896 4126 4158 4066 3734 4241 4293 3961 3467 3567 3901 3952 3801 3908 3826 3889 3484
3788 3930 4024 3513 3752 3923 3829 3565 4040 3650 3546 3949 3767 3683 3630 3753 3602 3777 3804 3417 3615 3776 3919 3731 3964 3597 3823 3987 3598 3259 3641 3788 3795 3570 3756 3325 3382 3799 3649 3461 3997 3784 3485 3724 4025 3599 3912 3849 3455 3974 3707 3395 3596 3683 3969 3911 3714 4005 3826 3665 3937 3714 4089 3818 3569 3872 3644 3629 4008 4012 3821 3529 3697 3875 3846 4015 4002 3577 3361 3399 3508 3622 3882 3692 3719 3954 3730 3454 3678 3465 3839 3861 4002 3552 3875 3600 3791 3873 3816 3446 3822 3762 3862 3749 4293 3606 3359 3371 3932 3964 3973 3733 3840 4081 3962 3883 4162 4164 3711 3379 3586 3770 3846 3529 3919 3834 3819 3268
4306 4233 4180 3985 4281 4518 4284 3933 4139 4096 3826 4195 4148 3975 4060 3874 3849 4073 4182 3761 3896 4169 4067 4144 4124 3839 3907 4200 3945 3621 4040 4008 3987 3808 4006 3657 3633 3892 3998 3758 4179 4083 3805 3666 4355 3897 4090 4407 3777 4148 3944 3573 4050 3920 4518 4347 3855 4271 3949 3969 4217 3846 4110 4146 3841 4335 3750 3864 4342 3957 4320 3870 4077 3812 4188 4324 4312 4148 3669 3692 3920 4055 4015 3851 3980 4254 3877 3725 3921 3831 4095 4341 4052 3866 4083 3961 4116 4083 4248 3684 4197 4427 4163 4050 4544 3775 3910 3847 4061 4159 4243 4136 4239 4250 4214 4157 4474 4408 4108 3472 3875 4227 4231 3849 4255 4023 4200 3722
3787 3725 3918 3439 3714 3853 3671 3577 3730 3666 3531 3911 3750 3549 3744 3577 3474 3566 3813 3462 3706 3848 3845 3818 3841 3531 3650 3826 3538 3381 3502 3567 3627 3559 3524 3401 3191 3616 3518 3509 3870 3691 3492 3574 3814 3658 3824 3552 3480 3777 3683 3342 3563 3688 3846 4008 3720 3889 3677 3392 4025 3487 3879 3727 3550 3853 3766 3478 3757 3682 3825 3511 3669 3591 3657 3774 3895 3467 3072 3458 3463 3601 3627 3484 3706 4076 3684 3391 3478 3383 3649 3800 3671 3533 3863 3487 3790 3663 3752 3501 3725 3761 3645 3692 4093 3583 3351 3312 3763 3723 4003 3770 3881 3935 3966 3687 4051 4090 3692 3281 3413 3714 3754 3542 3659 3697 3826 3347
4000 3940 3991 3750 3884 4044 3867 3685 4044 3672 3649 3849 3908 3694 3665 3930 3586 3767 3805 3695 3688 3988 3987 3784 3989 3536 3728 3989 3780 3399 3785 3774 3776 3500 3927 3350 3505 3756 3606 3575 4090 3740 3686 3684 3980 3852 4034 3833 3646 3995 3932 3484 3792 3807 4139 3912 3671 3936 3661 3787 3930 3699 3998 3873 3725 4208 3663 3741 4022 3965 3976 3669 3740 3825 3867 4009 3959 3650 3463 3366 3733 3745 3888 3615 3806 4005 3791 3482 3685 3694 3774 3870 3935 3825 3895 3747 3598 3941 4037 3707 4031 4018 3917 4043 4152 3554 3614 3483 3888 3964 3941 3890 4068 4023 4174 3784 4277 4243 3917 3387 3531 3948 4091 3904 3894 3965 3943 3542
4193 4064 3996 3893 3966 4190 3992 3878 4226 3990 3806 4109 4180 3866 3780 4074 3818 3890 4050 3724 3940 4254 4230 4003 4086 3774 4199 4167 3747 3492 4054 3950 3906 3893 4105 3751 3737 3945 3770 3699 4102 3861 3754 3823 4281 3937 4217 3944 3698 4159 4008 3701 3946 3860 4220 4089 3988 4282 4014 3725 4222 3931 4325 4008 3933 4205 3858 3944 4197 3990 4109 3799 3881 3863 3961 4192 4249 3815 3633 3555 3950 3774 3905 3789 4036 3917 4003 3608 3815 3898 3854 4090 4007 3960 4288 3774 4156 4009 4204 3669 4145 4068 3870 4064 4447 3783 3569 3732 4057 4102 4257 4027 4279 4160 4253 4094 4457 4381 4107 3672 3687 4155 4052 4016 4134 4018 3914 3697
4175 4235 4068 3876 4011 4041 3938 3706 4143 3757 3768 3850 4107 3795 3850 3868 3570 3850 4054 3642 3849 3877 4069 3749 3893 3712 3928 4018 3807 3366 3801 3733 3858 3593 3975 3560 3817 4008 3733 3579 4069 3883 3788 3664 3921 3704 3966 3839 3797 3897 3544 3347 3802 3975 3968 3912 3810 4062 3892 3814 4184 3615 4059 3839 3677 3985 3673 3849 4012 3803 3900 3774 3792 3870 3849 3962 4034 3797 3494 3434 3496 3685 3817 3916 3930 3970 3811 3602 3759 3534 3784 3929 3998 3684 3991 3776 3904 4068 3843 3527 3889 4089 4185 3628 4551 3484 3366 3725 3944 3936 4045 3983 4105 4073 4057 4027 4127 4227 3829 3760 3728 3988 3663 3686 4130 3895 3777 3371
4554 4385 4516 4140 4388 4627 4209 4285 4424 4231 4056 4354 4392 4152 4229 4253 3962 4252 4310 3944 4298 4473 4550 4139 4451 4195 4266 4415 3955 3859 4247 4163 4188 4255 4315 3972 4027 4181 4110 4065 4419 4217 4096 4219 4432 4180 4443 4218 4102 4326 4295 3915 4133 4164 4375 4408 4224 4321 4244 4211 4628 4325 4565 4300 4289 4489 4225 4166 4426 4106 4289 4186 4184 4240 4461 4327 4617 4255 3849 3780 4058 4135 4294 4140 4252 4593 4268 3959 4104 4156 4370 4389 4281 3985 4490 4138 4353 4292 4331 4090 4418 4446 4544 4165 5014 4063 3878 3890 4490 4362 4621 4528 4550 4461 4380 4178 4558 4671 4405 3950 4182 4365 4285 3931 4309 4352 4398 4031
3833 3738 4075 3626 3918 3852 3748 3592 3924 3780 3499 3965 3779 3788 3904 3800 3621 3747 3865 3690 3703 3955 3839 3901 3868 3758 3937 4036 3673 3443 3728 3750 3693 3585 3913 3389 3719 3872 3819 3572 3925 3950 3502 3490 3813 3620 3955 3789 3455 3768 3588 3337 3580 3809 4072 4172 3922 3838 3869 3782 4130 3647 3879 3687 3689 4153 3624 3598 4162 3799 3747 3629 3793 3677 3864 4015 4075 3721 3262 3318 3670 3810 3847 3752 3734 3976 3771 3811 3697 3577 4013 3935 3882 3736 3961 3718 3883 3673 3856 3596 3870 3966 3894 3874 4200 3583 3321 3616 3979 3915 4085 3808 4054 4232 3924 3825 4186 4157 3839 3475 3594 3813 3923 3463 3994 3839 3890 3456
4044 4133 3773 3546 3882 4042 3824 3594 4070 3553 3488 3983 3989 3764 3708 3481 3485 3656 4070 3674 3829 3735 3738 3619 3855 3732 3820 3868 3778 3543 3602 3832 3729 3692 3725 3312 3523 3739 3563 3420 3941 3699 3628 3534 3799 3613 3898 3787 3659 4044 3541 3255 3770 3857 3963 3928 3699 3737 3593 3792 4079 3507 3972 3644 3607 4021 3586 3563 3860 3622 3700 3694 3671 3764 3814 3995 3959 3483 3263 3325 3502 3510 3670 3644 3723 4021 3616 3216 3783 3401 3779 3784 3753 3497 3749 3580 3896 3889 3660 3541 3671 3783 3786 3548 4377 3401 3415 3422 3935 3766 4085 3773 3930 3958 3891 3773 4158 4113 3847 3576 3645 3755 3765 3586 3970 3697 3743 3311
4028 3891 3787 3682 3729 3974 3822 3763 3940 3781 3459 3859 3853 3653 3798 3868 3440 3786 3930 3510 3775 3822 4015 3618 3923 3627 3796 3995 3717 3323 3636 3690 3719 3612 3701 3412 3370 3703 3668 3363 3844 3748 3430 3543 3934 3621 3724 3744 3498 3863 3690 3433 3628 3874 4029 3795 3682 3867 3754 3707 4126 3561 3802 3757 3616 3888 3728 3669 3827 3959 3888 3617 3772 3800 3725 3998 3929 3689 3299 3300 3615 3630 3604 3568 3819 3813 3599 3561 3727 3415 3730 3963 3684 3595 3752 3552 3711 3880 3646 3519 4022 3905 3784 3705 4274 3560 3432 3417 3655 3839 3798 3927 4031 3962 4002 3730 4097 4065 3745 3479 3609 3906 3875 3536 3963 3992 3789 3399
4269 4210 4304 3978 4245 4329 4192 3957 4372 3922 3894 4351 4248 4171 4001 4052 3862 3939 4211 3725 4124 4007 4233 3928 4189 3897 4124 4221 3977 3744 4029 3997 4012 3708 4275 3889 3795 3998 3951 3648 4327 3950 3735 3805 4426 3723 4141 3977 3728 4028 3906 3642 3904 4098 4231 4173 4075 4244 4007 4127 4358 3810 4202 4128 3806 4224 3748 3804 4213 3953 4074 4072 3979 3996 4086 4264 4015 3906 3665 3610 3895 3968 3961 4014 4082 4088 3935 3572 3795 3726 4169 4132 4148 3842 4194 3852 4060 3922 4229 3860 4050 4111 4180 3961 4407 3744 3758 3653 4221 4012 4185 4106 4338 4396 4087 4027 4434 4258 4114 3845 3842 4249 4095 3787 4099 4020 4010 3586
4146 4222 4203 3828 4168 4357 4052 3921 4237 4002 3828 4091 4144 3817 4028 3995 3785 3899 4234 3768 3981 4193 4115 3964 4238 3848 3983 4268 3806 3585 3928 4074 3985 3873 4154 3650 3755 3833 3961 3766 4162 3850 3762 3732 4359 4011 4234 4025 3764 4200 4008 3513 3926 4262 4300 4329 3839 4181 3926 3891 4346 3976 4313 4007 4022 4200 3963 3924 4200 4056 3932 3660 3824 3845 4135 4178 4150 3881 3542 3509 3889 3922 3964 3773 4025 4243 4136 3656 3985 3892 3923 4019 3896 3866 4078 3900 4139 4005 3955 3563 4211 4150 4064 4083 4412 3682 3874 3638 4057 4056 4387 4321 4222 4337 4104 4057 4594 4506 4093 3701 3758 4167 4112 3917 4023 3984 4114 3629
4252 3951 3935 3803 3925 4112 3712 3710 4141 3787 3764 3913 4055 3686 3823 3784 3585 3744 3919 3614 3760 3851 4002 3727 4062 3750 3983 4115 3809 3421 3619 3859 3605 3697 3997 3779 3674 4054 3690 3707 4131 3807 3728 3744 3993 3815 4079 3915 3690 3954 3734 3569 3777 4023 3972 4026 3920 4007 3778 3917 4275 3659 4181 4041 3581 4073 3693 3603 3965 3783 4064 3547 3899 3760 3841 4110 3903 3745 3338 3340 3672 3741 3656 3745 3992 4032 3833 3516 3731 3689 4102 4033 3792 3772 3949 3719 3865 3936 3791 3586 3908 4102 3840 3778 4363 3663 3494 3665 4223 3864 4163 4089 4035 4117 4053 3888 4142 4110 4050 3654 3774 3894 3906 3541 4065 4061 3853 3383
4190 4116 4217 3946 3978 4010 3881 3954 4154 3971 3511 4096 4178 3801 4075 3828 3525 4010 3992 3540 3879 4107 4070 3841 4062 3772 3921 4151 3684 3694 3837 3956 3922 3673 4037 3506 3591 3801 3937 3550 4124 3762 3853 3850 4049 3894 3988 3905 3645 3925 3760 3554 3697 3957 4150 4071 4018 4258 3933 3800 4193 3805 3977 3914 3813 4191 3974 3986 4095 3747 3925 3875 3988 3825 3929 4035 4263 3923 3576 3502 3628 3834 3830 4030 4000 4170 3961 3781 3949 3736 4015 3867 4042 3828 4096 3700 4092 4083 3947 3596 4004 4314 4228 3854 4463 3516 3389 3678 4119 3897 4075 4171 4202 4119 4105 4085 4248 4192 3814 3547 3810 4085 3994 3757 4121 3798 3968 3516
3838 3865 3941 3560 3719 4154 3675 3506 4007 3586 3478 3881 3876 3528 3780 3509 3457 3703 3812 3460 3592 3666 3865 3618 3685 3568 3680 3766 3407 3369 3572 3550 3499 3615 3761 3459 3367 3535 3467 3514 3750 3556 3581 3540 3927 3416 3651 3639 3359 3582 3612 3190 3607 3700 3956 3839 3601 3747 3693 3641 3838 3373 3762 3652 3750 3963 3552 3592 3693 3620 3690 3482 3643 3584 3545 3737 3855 3510 3300 3113 3404 3461 3850 3427 3639 3885 3795 3295 3724 3682 3615 3749 3719 3484 3883 3516 3690 3628 3628 3263 3816 3856 3723 3755 4205 3278 3483 3575 3580 3793 3748 3708 3872 3946 3769 3645 4060 4029 3688 3359 3358 3611 3499 3435 3895 3569 3762 3212
4030 3871 3756 3463 3763 3811 3722 3704 3870 3597 3450 3771 3937 3782 3674 3675 3551 3570 3886 3532 3658 3857 3820 3639 3779 3653 3921 3920 3612 3262 3650 3444 3425 3644 3774 3371 3425 3633 3683 3675 3839 3678 3338 3541 3816 3671 3696 3738 3541 3718 3437 3334 3603 3631 3897 3980 3859 3766 3561 3556 4062 3535 3709 3696 3467 3860 3578 3547 3899 3503 3824 3473 3750 3605 3820 3877 3794 3803 3267 3098 3598 3513 3368 3573 3849 3700 3643 3666 3543 3578 3866 3743 3574 3622 3876 3546 3809 3723 3736 3401 3921 3808 3653 3695 4051 3391 3230 3400 3933 3739 3912 3794 3812 3967 3935 3618 4012 3870 3926 3320 3592 3717 3759 3404 3944 3682 3811 3246
4279 4186 4141 3965 4072 4069 4098 3981 4131 4136 3775 4156 4169 3901 4156 4064 3779 4024 4146 3862 3993 4118 4203 3901 4204 4018 4019 4206 3906 3710 3828 3896 3993 3787 3925 3849 3748 3988 3835 3741 4278 4007 3800 3750 4239 3939 4047 4019 3958 3860 3861 3803 3875 4199 4195 4184 3845 4274 3901 3923 4333 4061 4116 3980 3756 4099 3865 3898 4149 3862 4158 3990 3883 3866 4023 4278 4372 4037 3662 3635 3813 3887 3998 3862 4196 4268 3882 3639 3797 3783 3814 4061 3969 3957 4167 3733 4007 4074 4142 3753 4177 4176 4272 3945 4490 3671 3735 3712 4071 4178 4302 4213 4173 4262 4109 4051 4427 4307 4198 3876 3885 4174 3943 3803 4087 3999 4021 3709
4136 4112 4071 3716 3998 4092 3969 3708 4102 3776 3647 3965 4066 3700 3779 3680 3679 3748 4057 3585 3602 4075 4035 3853 3923 3789 3781 4030 3698 3619 3771 3683 3683 3633 3835 3299 3631 3964 3541 3575 3986 3772 3661 3599 4022 3676 4028 3730 3559 3929 3738 3556 3526 3916 4037 4006 3863 3962 3809 3762 4092 3783 3781 3827 3612 4156 3804 3481 3981 3847 3712 3728 3934 3754 3749 3975 4168 3731 3302 3321 3733 3728 3800 3652 3713 4113 3808 3475 3624 3638 4041 4109 3906 3626 3793 3770 3830 3853 3962 3668 3650 4178 3814 3948 4454 3637 3476 3427 3955 3819 4065 3961 4054 4270 4026 3943 4107 4076 3688 3452 3797 3833 3952 3716 3940 3917 3977 3292
4082 4003 3983 3704 3878 4014 3910 3711 4278 3846 3650 4068 4055 3832 3948 3853 3586 3848 4073 3671 4004 3981 3900 3794 4019 3859 3907 4227 3767 3548 4048 3812 3791 3816 3969 3597 3549 3937 3652 3637 4141 3713 3739 3576 4066 3695 4119 3788 3704 3886 3694 3616 3766 4068 4042 4115 3816 3958 3820 3874 4263 3910 4165 3894 3725 4088 3779 3831 4110 3728 3918 3846 3702 3708 3868 4131 3975 3956 3494 3471 3817 3775 3660 3878 3963 4084 3930 3409 3649 3565 3985 4020 3992 3891 4007 3910 4049 3870 3984 3531 4058 4033 3928 3868 4216 3521 3468 3549 4122 3859 4240 4024 4007 4044 4096 3772 4307 4186 4077 3777 3563 4048 4118 3793 4071 4032 3905 3422
4185 4159 4129 3654 4046 4091 3589 3684 4108 3889 3801 4009 4179 3720 3814 3750 3682 3860 3942 3588 3830 3962 4161 3845 3997 3797 3888 4086 3812 3602 3772 3884 3738 3696 3870 3705 3740 3971 3723 3645 4161 3869 3703 3630 3986 3752 3984 3992 3664 3991 3763 3530 3914 4007 4061 4079 3920 4188 3914 3870 4174 3869 4119 4032 3841 3977 3691 3761 4137 3793 4016 3801 3960 3778 3805 4089 4168 3893 3492 3359 3789 3816 3727 3771 3902 4188 3970 3625 3881 3536 4051 4139 4097 3838 3786 3827 3980 4075 3913 3540 4037 4304 3987 3914 4426 3676 3562 3727 4099 3883 4270 4136 3940 4028 4002 4030 4283 4297 4107 3568 3903 3978 4084 3496 4162 4024 3818 3555
3838 3858 3688 3532 3674 3781 3640 3415 4006 3622 3199 3830 3788 3502 3564 3414 3373 3499 3740 3379 3654 3726 3576 3581 3688 3382 3629 3915 3597 3295 3727 3565 3596 3318 3666 3117 3378 3692 3636 3390 3877 3557 3470 3330 3617 3615 3626 3732 3509 3649 3447 3252 3475 3875 3749 3940 3561 3545 3555 3738 3859 3406 3731 3667 3478 3833 3321 3398 3786 3549 3367 3501 3677 3607 3638 3819 3818 3428 3079 3042 3505 3462 3461 3632 3587 3583 3588 3184 3531 3270 3825 3635 3687 3506 3494 3574 3705 3684 3560 3472 3584 3647 3815 3578 4122 3262 3175 3233 3850 3629 3728 3704 4040 3897 3808 3819 3933 3880 3675 3408 3510 3625 3843 3473 3800 3649 3685 3066
3903 3774 3807 3639 3696 3971 3721 3682 3907 3712 3612 3844 3914 3581 3796 3818 3568 3696 3743 3745 3793 3937 3832 3552 3933 3533 3758 3890 3595 3422 3737 3617 3603 3530 3763 3541 3417 3774 3396 3565 3862 3773 3501 3524 4004 3546 3726 3722 3702 3718 3758 3524 3559 3801 3814 3784 3797 3970 3679 3629 4023 3627 4003 3898 3653 3957 3689 3586 3912 3750 3675 3429 3632 3583 3730 3844 4026 3733 3419 3463 3586 3762 3696 3632 3843 3997 3950 3333 3523 3399 3763 3897 3656 3566 3835 3703 3823 3692 3902 3453 4022 3850 3828 3746 4078 3489 3349 3506 3802 3948 3982 3871 3981 4062 3885 3762 4273 3939 3976 3607 3599 3975 3813 3606 3696 3737 3751 3437
3892 3751 3731 3734 3700 3946 3586 3675 3687 3640 3407 3837 3861 3520 3776 3738 3322 3696 3747 3340 3534 3625 3739 3607 3822 3578 3441 3901 3727 3276 3704 3822 3655 3540 3919 3534 3486 3716 3557 3405 3795 3542 3589 3437 3804 3628 3778 3798 3544 3608 3446 3546 3411 3640 4005 3775 3572 3806 3589 3753 3968 3747 3812 3773 3549 3931 3668 3495 4008 3641 3807 3532 3704 3606 3645 3875 3837 3782 3196 3200 3506 3452 3780 3729 3786 3705 3745 3489 3475 3426 3691 3992 3689 3699 3589 3513 3658 3480 3754 3526 3956 3791 3840 3547 4191 3362 3345 3609 3685 3712 3928 3805 3909 3988 3851 3607 4071 3923 3777 3418 3462 3937 3907 3460 3823 3729 3676 3478
4041 3965 4073 3836 3865 4010 4216 3759 3992 3747 3520 4102 4090 3833 3768 3863 3818 3764 4007 3768 3701 3952 3893 3788 4107 3885 3912 4017 3742 3367 3865 3768 3890 3583 3994 3657 3629 3880 3564 3667 4042 3907 3706 3696 4270 3796 4102 3779 3750 3795 3629 3731 3689 4015 3889 4027 3818 4175 4025 3772 4267 3902 4028 3860 3661 3904 3710 3580 3934 3930 3876 3803 3703 3746 3927 3972 4022 3752 3390 3597 3666 3822 3799 3723 3946 4090 3721 3498 3521 3407 3864 4139 3846 3659 3882 3821 3717 3861 3958 3556 3911 4019 3979 3803 4425 3442 3514 3503 3832 3953 4097 3998 3986 4282 3986 3978 4295 4252 3915 3764 3756 4168 3874 3690 3929 3875 3898 3533
4082 4031 4189 3784 4080 4083 3845 3687 4041 3847 3737 3988 3961 3696 3878 3892 3510 3849 3913 3731 3939 3912 3834 3770 3947 3897 3867 3903 3747 3632 3854 3777 3700 3824 3783 3602 3720 3716 3902 3747 4082 3823 3579 3532 4067 3777 3960 3777 3672 3958 3788 3543 3774 3945 4153 4023 3826 3848 3901 3888 4113 3831 4141 3827 3730 4129 3762 3683 4038 3557 3928 3757 3886 3761 3910 4350 4264 3742 3501 3304 3850 3840 3729 3831 3829 3969 3843 3568 3862 3571 3731 3979 3760 3714 4214 3805 3863 3735 4143 3565 3950 4028 4060 3879 4188 3493 3503 3622 3817 4021 4235 4085 4147 4282 3935 3816 4349 4087 4089 3447 3796 3867 3880 3799 3937 3913 4018 3447
4169 3903 3808 3492 3602 3729 3756 3573 3810 3557 3271 3934 3962 3598 3556 3777 3434 3574 3713 3517 3616 3719 3668 3606 3701 3629 3774 3856 3780 3256 3626 3849 3448 3559 3664 3372 3503 3710 3423 3255 3631 3667 3591 3506 3797 3534 3852 3630 3568 3701 3535 3286 3783 3761 3634 3826 3496 3898 3531 3622 4021 3636 3769 3684 3467 3974 3406 3471 3570 3622 3708 3649 3442 3622 3761 3724 3910 3507 3370 3377 3429 3508 3647 3717 3784 3852 3495 3304 3546 3415 3649 3691 3689 3573 3716 3612 3716 3782 3872 3283 3939 3973 3736 3546 4123 3280 3349 3452 3803 3796 3800 3908 3717 3731 3925 3549 4055 4142 3778 3532 3517 3843 3777 3483 3801 3702 3669 3333
4361 4135 4006 3871 4079 4320 3984 3883 4099 4000 3728 4020 4136 3960 3793 4013 3540 3932 3972 3762 3952 3958 4022 3751 3962 3786 3855 4113 3727 3622 3882 4100 3788 3924 3942 3540 3538 3902 3861 3789 4224 3778 3673 3742 4061 3899 3960 4091 3847 4024 3864 3663 3963 4002 4210 4134 3914 3995 3733 4013 4205 4035 4179 3889 3899 4297 3921 3851 4184 3968 3909 3635 3821 3796 4191 4120 4197 4010 3632 3519 3902 3834 3856 3684 3957 4077 3909 3620 3788 3750 3946 4042 3920 3762 3990 3903 4096 3901 4113 3510 4227 4157 4119 3953 4484 3727 3496 3603 4101 3963 4225 4158 4295 4085 4054 3895 4273 4306 4158 3601 3725 4083 4123 3723 4190 4033 3926 3642
4152 4104 4119 3854 4083 4181 3886 3806 4125 4037 3666 4239 4209 3698 3935 3747 3669 3911 3935 3791 3849 4006 4166 3854 4095 4015 3937 4054 3979 3671 3953 3827 3679 3868 3853 3740 3842 3907 3926 3597 4035 3875 3718 3627 4153 3860 4040 4118 3705 4144 3833 3477 4034 4114 4315 4139 3854 4118 3803 3843 4292 3922 4241 3998 3690 3969 3690 3746 4211 3890 4007 3808 4069 3909 3952 4137 4394 3728 3365 3539 3912 4116 3710 3998 3983 4212 3989 3796 3891 3670 4092 4159 3916 3977 4152 3820 3964 3883 4086 3697 4077 4319 4003 3851 4374 3823 3567 3677 4193 4191 4379 4157 4173 4323 4158 4092 4485 4308 4234 3573 3961 4104 4136 3761 4233 4163 4076 3586
4259 4261 4189 3978 4156 4261 4147 3998 4272 4024 3861 4275 4384 4147 3955 3967 3879 3973 4274 4012 4004 4157 4242 3991 4129 3907 3991 4347 3943 3685 4195 3755 4009 3954 4029 3562 3753 4236 3935 3905 4261 4070 3835 3837 4329 3792 4246 3989 3938 4083 3969 3595 3972 4206 4112 4161 4026 4375 3953 3937 4267 3928 4308 4092 3882 4365 3737 3860 4284 3710 4198 3996 4067 3980 3902 4247 4338 4064 3720 3694 3752 4045 3819 3981 4008 4200 4281 3869 3835 3744 4080 4303 4132 3958 4186 4053 4101 4241 4104 3728 3959 4197 4195 3997 4525 3684 3576 3732 4295 4089 4366 4295 4311 4248 4163 4085 4443 4362 4207 3818 3896 4320 4169 3970 4040 4083 4023 3704
4173 4000 4233 3692 4083 4180 3992 3714 4353 3878 3804 4075 4266 3916 3937 3801 3828 4121 4199 3949 4022 4042 4020 3834 3974 3916 4006 4272 3989 3588 3992 3905 3935 3921 4098 3817 3922 3840 3718 3776 4365 3940 3954 3846 4275 3679 4430 4007 3861 4123 3898 3669 3961 4328 4257 4240 4079 4041 4064 4171 4328 3892 4239 4102 3995 4245 3908 3639 4224 4218 4081 3845 3874 3872 4058 4160 4261 3879 3467 3439 4007 3784 4006 3945 3956 4149 3992 3539 3852 3668 4236 4372 4297 3824 3960 3995 3949 3976 4201 3555 4185 4279 4132 4044 4488 3604 3687 3736 4102 4118 4169 4125 4269 4317 4153 3797 4381 4355 4190 3912 3745 4268 4254 4059 4284 4188 3968 3747
4516 4398 4449 4025 4392 4374 4088 4001 4363 4224 3814 4300 4476 4064 4203 4187 3863 4111 4138 3977 4084 4303 4232 4118 4209 3977 4152 4298 3977 3793 4201 3937 3925 4130 4051 3943 3980 4025 4097 3956 4374 4120 4044 3899 4312 4099 4405 4146 3935 4252 4093 3591 4135 4220 4422 4265 4066 4382 4212 4003 4577 3931 4230 4205 4027 4313 3981 4248 4514 4021 3975 3896 4088 3955 4142 4342 4360 3961 3803 3637 3973 4200 3889 4170 4115 4177 4178 3887 4041 3796 4006 4346 4135 4057 4241 3939 4081 4280 4298 3663 4354 4283 4257 4193 4551 3748 3875 3827 4213 4204 4456 4368 4501 4369 4159 4186 4444 4543 4254 3844 3985 4160 4221 3923 4351 4261 4365 3678
4056 3922 3918 3702 3837 4033 3817 3752 3808 3813 3653 3935 3986 3728 3716 3568 3591 3656 3762 3698 3948 3745 3892 3671 4125 3603 3783 4017 3658 3303 3762 3652 3662 3793 3788 3388 3443 3724 3672 3470 3899 3830 3732 3634 3999 3548 3998 3890 3392 3924 3587 3556 3860 3632 4032 4033 3723 3903 3751 3693 4056 3816 3966 3988 3587 4065 3570 3704 3946 3670 3768 3618 3802 3662 3774 4024 4313 3638 3318 3561 3789 3680 3714 3772 3950 3934 3555 3409 3683 3564 3812 3997 3768 3577 3742 3690 3814 3782 3995 3433 3856 4035 3809 3681 4149 3555 3368 3502 4066 3991 4031 3952 3990 3843 3915 3725 4181 3973 4122 3405 3836 3973 3859 3596 3947 3948 3805 3355
4071 3915 3926 3539 3731 4006 3807 3716 3969 3687 3558 3845 3792 3648 3754 3879 3554 3576 3825 3530 3772 3644 3757 3740 3938 3485 3774 3908 3632 3101 3571 3723 3538 3629 3840 3523 3303 3761 3666 3549 4063 3726 3363 3513 4078 3692 3885 3721 3481 3662 3682 3544 3686 3614 4019 3947 3702 3996 3719 3766 3898 3485 3872 3811 3616 3961 3677 3565 3857 3667 3703 3585 3525 3764 3807 3944 4024 3720 3323 3411 3597 3558 3576 3675 3927 3748 3711 3598 3540 3550 3855 3686 3655 3485 3858 3487 3760 3665 3811 3535 3824 3839 3792 3609 4099 3594 3265 3622 4072 3754 3956 3869 3922 4000 3938 3725 4200 4101 3863 3463 3644 3832 3768 3551 3836 3859 3884 3275
4543 4399 4602 4110 4408 4288 4387 4218 4398 4427 4054 4490 4728 4274 4234 4237 3996 4170 4454 3716 4140 4495 4407 4301 4423 4287 4423 4553 4292 3930 4170 4183 4232 4197 4349 3956 4126 4200 4155 3991 4311 4338 4041 3890 4456 4115 4455 4154 4022 4355 4077 3803 4155 4229 4496 4397 4259 4353 4243 4237 4560 4240 4369 4103 4016 4519 4082 3971 4717 4296 4315 4007 4306 4212 4254 4390 4305 4111 3744 3673 4074 3963 4125 4245 4263 4388 4179 4106 4100 4082 4345 4453 4221 4106 4356 4146 4347 4424 4426 3911 4280 4493 4262 4299 4712 3860 3920 3952 4422 4274 4541 4298 4656 4534 4451 4231 4551 4517 4274 3930 4014 4222 4447 4056 4357 4238 4296 3940
3911 3723 3674 3355 3719 3896 3589 3533 3702 3483 3362 3764 3980 3487 3610 3367 3200 3426 3735 3421 3545 3650 3513 3471 3509 3411 3352 3647 3495 3212 3477 3586 3505 3360 3609 3297 3280 3575 3478 3199 3516 3592 3351 3200 3598 3512 3701 3400 3364 3569 3347 3207 3433 3708 3777 3767 3596 3562 3356 3434 3886 3477 3589 3687 3411 4024 3383 3227 3729 3350 3610 3265 3572 3458 3497 3790 3781 3465 3156 3243 3263 3375 3357 3206 3503 3659 3567 3319 3287 3355 3411 3628 3296 3422 3520 3439 3597 3497 3770 3071 3505 3624 3580 3570 3926 3307 3356 3332 3749 3666 3805 3724 3656 3836 3659 3518 3760 3838 3643 3394 3362 3658 3543 3548 3492 3523 3579 3025
3840 3770 3786 3577 3752 3920 3771 3563 3885 3717 3469 3885 4099 3632 3808 3604 3426 3773 3863 3434 3607 3696 3765 3826 3722 3550 3684 4074 3511 3257 3586 3654 3628 3466 3756 3325 3496 3684 3568 3390 3931 3775 3528 3425 3958 3582 3698 3710 3399 3760 3566 3299 3650 3776 3984 4122 3635 3831 3826 3871 3923 3685 3925 3689 3697 3955 3601 3597 3874 3716 3758 3623 3537 3701 3693 3982 4021 3592 3306 3266 3638 3628 3681 3564 3818 3876 3561 3464 3615 3537 3693 3934 3720 3456 3838 3595 3602 3995 3675 3319 3663 3828 3761 3696 4024 3444 3451 3416 3939 3838 4006 3667 3753 3936 3944 3663 4215 4132 3781 3376 3535 3652 3808 3616 3831 3779 3661 3424
4373 4380 4416 4333 4357 4403 4429 4186 4341 4227 4037 4388 4328 4094 4344 4066 4079 4206 4339 4035 4152 4180 4364 4194 4351 4068 4241 4484 3978 3802 4130 4310 4233 4086 4373 3825 3956 4071 4232 3861 4359 4074 4044 4065 4632 4092 4343 4308 4002 4302 4150 3905 4120 4452 4569 4448 4157 4413 4358 4155 4583 4101 4517 4198 4156 4510 4202 3999 4401 4033 4446 4151 4106 4108 4411 4444 4540 4244 3905 3860 4046 4074 4272 3991 4234 4448 4061 4040 4140 4190 4339 4249 4383 3981 4354 4079 4332 4403 4331 3918 4092 4553 4387 4312 4734 3891 3754 4025 4359 4255 4347 4295 4599 4555 4360 4249 4862 4545 4311 3961 4116 4555 4273 4154 4623 4245 4282 3886
4136 3843 3923 3898 3950 3952 3996 3730 4053 3981 3671 4247 3958 3788 3834 3867 3612 3936 3915 3676 3699 4040 4050 3845 3914 3775 3871 4151 3807 3758 3939 3768 3809 3756 3970 3682 3856 4033 3676 3683 4212 3770 3781 3725 4043 3614 3993 3914 3593 3902 3898 3547 3804 3980 4180 4073 4023 4068 3961 3886 4193 3758 4095 4022 3898 4146 3783 3582 4121 3767 4159 3769 3868 3611 3869 4139 4120 3812 3548 3544 3909 3944 3817 3832 3893 4019 3910 3596 3725 3516 4066 4207 3943 3931 3918 3806 3867 4026 3927 3664 3884 4137 4027 3892 4197 3635 3554 3467 4137 3943 4002 4032 4202 4190 4016 3890 4288 4029 4060 3704 3656 3824 4102 3676 3999 3955 3837 3446
4256 4132 4365 3761 4020 4124 4014 3841 4267 3807 3692 4296 4299 3901 4060 3772 3785 4037 4178 4045 4160 4030 4062 3910 4179 3863 3874 4250 4107 3567 4011 4011 4023 3698 4107 3688 3598 4031 3857 3712 4273 3971 3872 3725 4219 4010 4144 3904 3801 4039 3767 3694 4016 4177 4243 4184 3976 4150 3909 3868 4458 4028 4113 3969 3848 4192 3892 3747 4414 3932 4026 3799 4065 3872 3975 4154 4266 3948 3510 3724 3730 3809 3758 3807 3873 4270 3957 3626 3796 3596 4093 4082 4129 3902 3977 3945 4192 4000 4181 3704 3996 4242 4100 3908 4452 3740 3404 3660 4075 4118 4157 4008 4000 4306 4173 3994 4275 4344 4051 3665 3801 4264 4172 3767 4302 4131 3981 3519
4392 4292 4141 3832 4155 4235 4176 3877 4222 4010 3679 4188 4099 3816 3946 3976 3701 3966 4233 3874 3976 4109 4156 3977 4041 3946 4023 4287 3977 3680 3905 3966 4078 3871 4130 3628 3662 4068 3830 3686 4295 3972 3675 3888 4275 3906 4006 4062 3766 4027 3932 3753 3917 4174 4437 4229 3761 4180 4000 3949 4368 3933 4076 4057 3939 4219 3933 3866 4179 3959 3956 3908 3967 3823 4105 4346 4345 4035 3618 3460 3931 3936 4025 3932 4050 4116 4008 3683 3857 3697 4087 4229 4012 3749 4165 3804 4082 3994 4047 3659 3975 4339 4075 3984 4513 3742 3495 3644 4132 4042 4057 4183 4230 4248 4117 4201 4441 4291 4039 3588 3924 4056 4079 3864 4285 3964 4045 3572
4122 3988 4089 3700 3920 4107 4007 3865 4036 3935 3570 3996 4124 3784 4000 4038 3685 3855 4051 3533 3924 3942 4019 3784 3980 3824 3944 4080 3625 3571 3713 3760 3885 3700 4083 3667 3522 3977 3747 3657 3992 3851 3690 3722 4013 3785 4129 3696 3740 3959 3745 3382 3672 3900 4112 4038 4010 4053 3892 3749 4189 3810 4008 3860 3738 3898 3735 3671 4044 3782 4017 3682 3853 3701 4009 4042 4004 3545 3318 3316 3672 3773 3742 3887 4084 3882 3918 3554 3623 3580 3959 3922 3740 3842 3947 3580 3777 3870 3790 3723 4068 4109 3933 3860 4378 3575 3708 3473 3935 3865 4042 4114 4262 4202 4017 3767 4134 4245 3859 3740 3658 3843 4080 3661 3902 3975 3870 3552
4292 4289 4269 4051 4110 4150 4103 3942 4442 4078 3980 4146 4393 3995 4062 3948 3948 4101 4416 4004 3993 4175 4283 3954 4242 3903 4313 4304 4029 3798 4152 3850 4025 3918 4217 3808 3950 4067 3874 3865 4262 4024 3877 3885 4220 3871 4276 4262 3966 4229 4102 3679 3904 4281 4357 4269 4077 4409 4055 3987 4319 4032 4280 4143 3800 4435 3935 4000 4395 3937 4138 3897 4117 4036 4101 4410 4357 4037 3591 3639 3912 3917 3877 4093 4168 4150 4246 3822 4029 3724 4300 4175 4182 3865 4057 4037 4206 4090 3972 3989 3984 4407 4222 4031 4391 3795 3786 3765 4442 3946 4394 4069 4318 4374 4252 4064 4536 4264 4100 3879 4017 4216 4186 3955 4269 4029 4266 3539
4289 4322 4298 3953 4241 4236 3929 3999 4204 3966 3839 4334 4325 3787 4171 3880 3844 3961 4119 3796 3870 4150 4302 3999 4118 4000 4080 4251 4054 3753 4089 3975 3978 3816 4076 3812 3714 3949 3926 3760 4295 3877 3835 3761 4288 3974 4241 3914 3781 4243 3873 3542 4053 4277 4293 4247 4004 4312 3993 4009 4370 3904 4250 4047 3973 4215 3886 3849 4322 4101 4212 3847 4209 3967 3942 4274 4194 3853 3593 3585 3781 3939 3916 3978 3968 4194 4060 3813 3925 3754 4172 4287 4064 3973 4244 3961 4016 3993 4105 3782 4174 4434 4026 3941 4473 3821 3696 3774 4231 4038 4176 4237 4227 4277 4261 4120 4500 4499 4017 3585 3867 4238 4146 3994 4080 4110 4032 3647
4143 3890 4139 3604 3991 4123 3710 3843 4026 3931 3506 4079 4188 3823 3844 3798 3655 3750 4036 3534 3790 3988 4050 3872 3954 3748 3996 4072 3776 3372 3908 3864 3708 3688 3923 3460 3589 3998 3730 3759 4071 3825 3862 3655 3999 3892 3797 3906 3563 3927 3837 3619 3833 4032 4134 4127 3833 4083 3995 3609 4211 3749 4004 3959 3796 4293 3898 3634 4223 3785 4029 3550 3994 3739 3948 4188 4073 3775 3630 3462 3792 3804 3702 3867 3810 3964 4107 3746 3702 3653 4039 4162 3748 3707 3909 3839 3935 4004 3972 3599 4110 4090 3954 3846 4433 3611 3486 3793 3984 4018 4170 3994 4035 4093 3952 3832 4367 4291 3925 3488 3556 4045 4190 3587 4037 3979 3943 3540
4113 4095 4018 3612 4014 4036 3869 3755 4034 3849 3643 3898 4137 3796 3887 3651 3594 3870 4174 3457 4025 4007 4001 3742 3952 3687 3769 4177 3783 3544 3918 3613 3883 3885 3744 3520 3555 3683 3857 3574 4025 3936 3617 3695 4123 3671 3930 3794 3562 4060 3724 3520 3767 3891 4123 3975 3931 4169 3780 3672 4238 3594 3851 4089 3591 4130 3657 3775 3929 3856 3918 3635 3875 3812 3833 3983 4120 3852 3509 3369 3601 3735 3633 3790 3851 4003 3707 3562 3702 3460 3973 3991 3800 3579 3815 3681 4025 3993 3980 3367 3937 3987 3996 3757 4302 3435 3559 3500 4015 3963 4033 4065 4013 3820 3864 3818 4002 4116 3852 3406 3776 4110 4022 3746 3899 3869 3964 3384
3998 3770 3952 3885 3777 3950 3859 3481 3978 3474 3592 3803 3799 3730 3699 3604 3478 3720 3855 3513 3626 3688 3972 3476 3746 3626 3726 3965 3538 3467 3639 3745 3743 3718 3871 3311 3493 3818 3515 3452 3887 3566 3507 3599 3989 3472 3772 3786 3615 3741 3624 3321 3431 3806 3918 3909 3716 3827 3818 3901 3978 3530 3808 3774 3729 3908 3594 3500 3800 3590 3921 3487 3596 3765 3846 3774 3941 3776 3259 3192 3625 3619 3815 3526 3871 3877 3686 3381 3728 3507 3865 3668 3751 3715 3742 3682 3815 3631 3615 3528 3663 3961 3967 3852 4244 3402 3508 3411 3848 3571 3670 3773 3970 3988 3883 3604 4147 4077 3841 3391 3626 3861 3847 3394 3869 3833 3683 3479
3384 3560 3352 3219 3380 3580 3283 3144 3614 3254 3104 3392 3363 3158 3284 3259 3059 3265 3450 3032 3133 3400 3404 3368 3393 3124 3379 3407 3241 2941 3384 3029 3208 3150 3277 2937 3116 3259 3228 3035 3535 3320 3185 3179 3415 3266 3487 3374 3071 3485 3175 2921 3206 3318 3604 3510 3274 3492 3373 3267 3423 3408 3492 3298 3109 3489 3205 3284 3453 3170 3243 3270 3320 3281 3242 3496 3597 3171 2890 2820 3262 3316 3108 3480 3308 3238 3330 3095 3289 3101 3379 3416 3342 3093 3303 3168 3272 3408 3458 3177 3408 3651 3371 3289 3766 3112 3116 3179 3379 3232 3581 3563 3586 3503 3343 3332 3636 3561 3388 2978 3109 3356 3307 3216 3463 3278 3391 3062
3986 3772 3904 3629 3667 3740 3893 3470 3991 3579 3473 4000 3903 3792 3678 3546 3425 3578 3977 3514 3789 3753 3797 3637 3664 3650 3803 4017 3660 3367 3640 3561 3599 3730 3806 3346 3498 3819 3713 3597 3999 3581 3471 3484 3906 3431 3838 3803 3474 3476 3467 3284 3753 3734 3801 4003 3802 3980 3942 3730 4066 3572 3730 3709 3617 3909 3693 3563 4033 3760 3979 3562 3641 3453 3794 3704 3935 3747 3256 3208 3713 3386 3645 3535 3852 3753 3699 3459 3647 3386 3807 3753 3774 3637 3619 3673 3814 3672 3683 3511 3716 3944 3860 3672 4167 3306 3236 3373 3828 3628 3742 3672 3834 3931 3862 3590 4059 4015 3801 3344 3588 3738 3655 3321 3924 3683 3726 3280
3907 3957 3956 3868 3852 4117 4020 3589 4147 3820 3662 3933 4004 3663 3927 3701 3526 3907 4010 3696 3742 3918 3948 3838 3835 3711 3883 3929 3747 3407 3759 3896 3908 3587 3834 3536 3650 3815 3722 3518 3896 3775 3560 3611 3963 3686 3999 3966 3675 4025 3643 3453 3660 3958 4025 3937 3743 3965 3719 3850 4183 3812 4124 3902 3700 4089 3674 3592 4020 3844 4152 3777 3806 3652 3984 4019 4001 3659 3574 3468 3884 3695 3949 3594 3781 4044 3631 3633 3669 3607 3734 3961 3802 3566 3847 3744 3740 3888 4019 3529 4036 4179 4001 3705 4427 3420 3480 3677 3854 4088 4003 3962 3896 4063 3923 3835 4172 4185 3879 3570 3750 3882 3863 3611 4036 3891 3719 3613
3275 3237 3160 2913 3278 3260 3052 3063 3263 3037 2853 3243 3333 3027 3217 3141 2811 3270 3185 2957 3082 3237 3069 2892 3237 2918 3062 3251 3159 2685 3061 3188 3109 2998 3194 2976 2921 3106 2948 2754 3264 3119 3016 2964 3020 3140 3432 3163 3037 3300 3014 2922 2938 3109 3340 3229 3240 3300 2935 3101 3433 3097 3261 3200 3063 3350 3007 3034 3451 3222 2936 2941 3050 3127 3130 3105 3233 2960 2697 2723 3073 2882 3018 3098 3099 3169 3133 2906 2933 2925 3112 3165 3277 3058 3150 3009 3089 3170 3275 2839 3185 3258 3286 3060 3497 2868 2820 2917 3293 3322 3151 3088 3262 3307 3340 3157 3286 3347 3170 2848 2985 3200 3255 2975 3364 3181 3194 2881
3809 3996 3780 3771 3749 4030 3835 3297 3894 3521 3460 3777 3820 3551 3598 3558 3507 3559 3880 3575 3640 3795 3830 3664 3578 3471 3696 3983 3787 3215 3737 3608 3653 3489 3810 3442 3653 3702 3465 3553 3740 3675 3430 3473 3910 3679 3740 3882 3583 3883 3513 3377 3569 3870 3904 3885 3442 3952 3665 3601 4108 3619 3713 3582 3543 3913 3535 3411 3893 3567 3736 3355 3599 3526 3722 3766 3871 3696 3365 3239 3454 3440 3680 3607 3713 3816 3664 3321 3591 3571 3894 3828 3631 3576 3755 3523 3944 3828 3755 3497 3646 3910 3785 3478 4235 3333 3305 3575 3686 3838 3844 3885 3714 4131 3806 3729 4004 4020 3682 3336 3569 3682 3703 3582 3908 3575 3813 3433
3568 3582 3504 3260 3607 3549 3487 3319 3738 3316 3216 3621 3700 3494 3310 3340 3356 3507 3619 3252 3423 3484 3574 3373 3491 3472 3469 3602 3286 3235 3585 3566 3550 3523 3486 3408 3421 3318 3328 3299 3723 3391 3309 3404 3685 3276 3786 3409 3205 3540 3159 3144 3502 3638 3668 3639 3456 3690 3624 3453 3769 3412 3710 3490 3517 3383 3232 3331 3668 3498 3602 3329 3337 3351 3489 3585 3621 3372 3041 3268 3384 3326 3420 3307 3653 3618 3362 3196 3336 3140 3265 3547 3643 3541 3626 3379 3482 3430 3597 3125 3577 3698 3753 3472 3925 3238 3091 3216 3481 3501 3533 3536 3669 3712 3707 3488 3910 3857 3530 3294 3343 3650 3391 3309 3690 3482 3469 3354
4317 4117 4243 3872 3974 4283 3911 3807 4175 3990 3668 4144 4323 3863 3981 3843 3613 3958 4191 3647 3927 4017 4084 3957 4009 3672 3917 4049 3843 3508 3871 3926 3908 3751 3981 3659 3561 3914 3819 3839 4149 3827 3576 3789 3973 3997 3942 4052 3897 3984 3955 3515 3704 3978 4174 3985 3933 4228 3831 3771 4142 3660 4037 4001 3804 4262 3792 3769 4188 3781 3866 3604 3932 3866 3888 4122 4139 3968 3729 3498 3587 3764 3750 3873 3974 4089 4154 3791 3780 3757 4007 4043 3981 3692 4114 3722 4246 3960 3854 3705 3997 3959 4141 3789 4456 3628 3600 3771 3997 3835 4206 3942 4284 4256 3916 4011 4201 4316 4048 3612 3554 3955 4061 3811 4105 3733 4008 3530
4374 4214 4305 3999 4198 4105 4163 4088 4211 4090 3706 4242 4321 4072 4112 4022 3727 3982 4158 3883 4085 4262 4281 3948 4327 3982 4010 4378 4020 3694 4075 4081 4064 3854 4331 3688 3780 3994 4000 3805 4280 4092 3971 3890 4408 3966 4190 4065 3983 4078 4026 3768 4122 4101 4353 4354 4062 4432 3952 3939 4417 3920 4293 4373 3804 4422 3933 3965 4353 3905 4114 3942 4139 4132 4075 4403 4390 4053 3575 3669 3855 3868 3916 4100 4151 4110 4101 4005 3876 3728 4265 4144 4116 4092 4052 3950 4196 4136 4216 3979 4148 4223 4266 4111 4439 3773 3580 3879 4486 4114 4419 4309 4355 4287 4138 4026 4439 4402 4382 3854 3924 4321 4338 3919 4343 4150 4102 3802
4013 4069 3878 3636 3644 3894 3763 3647 3745 3649 3492 3810 3847 3691 3819 3758 3510 3654 3902 3594 3770 3921 3817 3770 3911 3666 3774 4009 3697 3352 3746 3674 3688 3615 3727 3443 3487 3955 3538 3564 3893 3716 3603 3560 4000 3620 3869 3907 3589 3709 3701 3276 3727 3725 3989 3942 3732 4065 3669 3606 4069 3689 4041 3943 3613 4026 3642 3720 3882 3838 3865 3513 3767 3512 3742 4068 4042 3787 3325 3306 3570 3570 3852 3790 4027 4078 3742 3311 3724 3565 3848 3907 3797 3733 3708 3717 3850 3829 3813 3624 3880 4000 3875 3695 4304 3519 3549 3377 3859 3831 4152 3756 4056 4029 3934 3781 4104 4039 3807 3334 3693 3806 3907 3528 3745 3781 3983 3449
3848 3585 3684 3403 3543 3720 3341 3510 3580 3400 3197 3639 3589 3332 3593 3364 3352 3392 3513 3257 3439 3556 3551 3346 3567 3417 3534 3550 3482 3144 3465 3468 3404 3168 3470 3122 3169 3449 3269 3255 3579 3472 3450 3405 3648 3515 3527 3407 3439 3496 3412 3112 3311 3503 3640 3561 3482 3369 3388 3224 3802 3338 3490 3624 3139 3770 3397 3304 3697 3328 3508 3183 3638 3284 3696 3630 3600 3369 3034 3253 3152 3384 3331 3481 3431 3609 3486 3207 3314 3253 3619 3610 3611 3315 3409 3283 3661 3571 3556 3212 3474 3492 3566 3423 3835 3255 3134 3250 3526 3587 3665 3551 3565 3752 3670 3469 3940 3762 3709 3197 3270 3681 3562 3299 3587 3521 3501 3044
4359 4459 4363 4106 4302 4364 4034 4069 4339 3897 3921 4329 4360 3994 4231 4159 3973 4127 4278 3964 4032 4259 4437 3972 4154 3981 4295 4414 4112 3624 4064 4033 4085 3758 4221 3830 3795 4157 3931 3840 4306 4060 3892 3976 4264 4151 4186 4152 3990 4283 3810 3861 3810 4228 4220 4176 4214 4438 3988 3904 4523 4005 4210 4122 3797 4239 4054 3983 4276 3983 4112 3928 4157 4146 4036 4304 4259 4020 3772 3581 3717 3985 4053 4064 4130 4225 4143 3877 3875 3923 4224 4207 4087 4063 4178 3858 4142 4273 4133 3785 4089 4220 4256 4040 4659 3728 3710 3908 4176 4204 4098 4214 4226 4462 4184 4298 4434 4360 4209 3934 4027 4350 4085 3839 4236 4108 4117 3772
4358 4279 4344 3979 4143 4232 3980 3967 4239 4067 3930 4198 4364 3928 4007 3981 3900 3993 4113 3822 4091 4237 4301 3901 4267 4098 4226 4506 3848 3818 4150 3788 4037 3966 4139 3838 3781 4024 4030 3783 4196 3891 3873 3982 4300 3869 4246 3950 3844 4159 3957 3876 3808 4105 4190 4194 4121 4100 3963 3900 4615 4091 4205 4141 4000 4114 3837 3985 4240 4028 4013 3789 4134 3948 3921 4131 4385 4125 3567 3509 3910 4036 3964 3873 4064 4263 4156 3544 3942 3867 4205 4127 4021 4057 4254 4136 4232 4035 4097 3822 4184 4201 4111 4230 4542 3777 3628 3681 4223 4158 4304 4189 4391 4370 4020 3949 4373 4354 4144 3740 4140 4085 4129 3718 4118 4072 4048 3543
4055 3990 4000 3807 3970 4027 3718 3795 4175 3791 3738 4126 3952 3884 3814 3762 3710 3652 4054 3697 3892 3972 4050 3701 4003 3781 3883 4049 3765 3563 3856 3663 3759 3794 3939 3583 3777 3824 3872 3583 4052 3731 3648 3803 3881 3600 4018 4034 3675 3936 3832 3605 3782 4101 4146 4176 4058 3942 3953 3994 4196 3892 4004 3908 3766 3984 3741 3776 4092 3894 3956 3668 3911 3890 3852 4091 4094 3817 3428 3558 3762 3818 3861 3813 4020 4047 3797 3667 3751 3624 4010 3819 3808 3774 3801 3848 3942 3885 3857 3746 4052 4119 3908 3775 4311 3537 3527 3554 4067 3952 4057 3981 4167 4150 4124 3899 4102 4147 3996 3657 3865 3940 3974 3667 4154 3998 3942 3381
4157 4099 4181 4053 4013 4109 3954 3823 4190 3896 3706 4109 4010 3765 3999 3913 3820 3935 4185 3683 3904 4088 4347 3984 3950 3884 3977 4318 4056 3704 4047 3904 3784 3699 4164 3692 3846 4124 3842 3753 4289 3914 3724 3725 4210 3820 4118 4016 3869 3937 3811 3714 3748 4005 4077 4185 3939 4117 3950 3989 4269 3743 3875 4050 3779 4132 3733 3736 4254 3934 4024 3833 4070 3861 3901 4229 4093 3925 3537 3498 3854 3852 3827 3969 3913 3982 3963 3753 3789 3771 4098 4066 3975 3827 4101 3875 4138 4056 4006 3694 3863 4312 3962 3997 4244 3693 3547 3591 4186 3920 4083 4198 4299 4199 4098 3911 4350 4191 4041 3660 3853 4175 4141 3574 4049 4049 4076 3646
4175 4143 4232 3799 4031 4286 4295 3878 4321 4023 3777 4217 4104 3836 4147 4022 3918 4073 4277 3721 3869 4242 4241 3986 3981 3941 4006 4347 4017 3722 3903 3913 3847 3696 4167 3650 3639 4188 3932 3720 4214 4008 3852 3733 4322 3736 4169 4019 3821 4142 3815 3789 3753 4125 4387 4375 4022 4150 4078 4047 4406 4041 3997 3868 3755 4204 3961 3929 4242 3984 3969 3928 3948 4035 4064 4300 4305 4010 3528 3547 3858 4016 3977 3817 3854 4151 3986 3746 3827 3748 4221 4233 4074 3924 4302 3932 3843 4126 4202 3771 4016 4407 4067 4086 4620 3739 3651 3724 4297 4141 4308 4118 4229 4344 4246 4058 4184 4479 3867 3748 3839 3983 4076 3805 4231 3954 4084 3654
4052 3879 3982 3737 3912 4065 3757 3552 4051 3834 3583 3956 4024 3584 3750 3773 3582 3623 3960 3516 3892 3933 3940 3865 3981 3543 3759 3999 3823 3246 3724 3682 3847 3532 4081 3581 3665 3939 3676 3675 3925 3861 3616 3665 4014 3612 3913 3766 3638 3889 3760 3392 3718 3910 3994 3973 3798 3911 3873 3867 4041 3766 3776 3954 3916 4054 3805 3636 4186 3780 3832 3681 3818 3592 3779 3939 4157 3789 3363 3503 3804 3796 3797 3811 3857 4133 3929 3576 3805 3478 3809 3921 3829 3488 3970 3725 3787 3996 3701 3887 3804 4098 3982 3949 4394 3494 3370 3572 3905 3894 3974 4059 4029 4081 4090 3849 4093 4198 3773 3452 3649 3822 3919 3699 3961 3954 3890 3418
4100 4097 4049 3800 3957 4131 4116 3889 4278 3985 3815 4167 4342 3883 4014 4006 3839 4009 4122 3697 3912 4010 3839 3790 4171 3800 4211 4234 3898 3401 4092 3805 3940 3582 3991 3773 3685 3826 3785 3603 4132 3904 3830 3748 4164 3927 4366 3884 3877 4157 3649 3686 3743 4008 4137 4199 4009 3980 3915 3842 4284 3997 4180 4006 3715 4269 3944 3555 4275 3795 3967 3979 3776 3868 3975 4173 4131 3875 3584 3482 3736 3948 3771 4018 4019 3927 3928 3704 3770 3794 4080 4088 3980 3745 4071 3849 3684 4034 4010 3548 3936 4074 4184 4080 4368 3698 3545 3672 4180 4045 4034 4016 4259 4259 4045 3802 4495 4320 4022 3971 3816 4157 4018 3972 4067 4014 3996 3473
4339 4121 4171 3883 4165 4205 4052 3943 4229 4091 4007 4247 4246 3851 4162 3851 3776 4059 4147 3706 4139 4320 4195 4067 4163 3884 3987 4383 4055 3567 3867 3857 3890 3937 4018 3828 3779 4008 3875 3884 4174 3982 3806 3888 4263 3892 4354 4023 3753 4346 3915 3636 3781 4087 4225 4238 4177 4129 3969 3901 4511 3990 4315 4117 3700 4254 3870 3983 4319 3987 4081 3761 4133 3909 4068 4358 4172 3848 3537 3775 3788 3990 3856 3922 4209 4362 3955 3869 3958 3801 4155 4345 3978 3938 4203 3924 4102 4097 4125 3686 4034 4177 4169 4085 4582 3868 3708 3720 4227 4063 4449 4213 4312 4210 4180 4239 4406 4406 4120 3680 3845 4129 4159 3995 4030 4232 4148 3739
3894 3891 4088 3683 4047 4077 3872 3619 3942 3729 3651 4007 4015 3740 3946 3730 3729 3772 4135 3523 3783 3898 4196 3797 3844 3865 3830 3962 3751 3478 3741 3960 3959 3726 4011 3606 3707 3868 3642 3607 3920 3775 3625 3711 4025 3776 3871 3808 3838 3932 3699 3552 3681 4097 4333 4003 3813 3876 3897 3755 4307 3895 3985 3777 3815 4242 3799 3405 4101 3845 3858 3555 3827 3763 3855 3998 4064 3845 3440 3339 3692 3716 3944 3750 3857 4069 3824 3632 3843 3593 3922 4003 3910 3742 3896 3684 3962 3834 3775 3511 3691 4071 3783 3896 4379 3509 3539 3606 3957 3963 4090 3831 3948 4199 4045 3936 4297 4290 3795 3495 3742 3982 3899 3578 4029 3790 3725 3474
4441 4393 4486 4035 4290 4295 4143 4091 4273 3957 3790 4325 4336 3995 4239 4197 3684 4055 4373 3730 4036 4139 4389 4081 4185 4213 4182 4516 4127 3792 4080 4052 3969 4100 4344 3930 3834 4187 3999 3883 4233 4109 3930 3840 4334 3987 4105 4122 3831 4104 3947 3845 4110 4116 4527 4202 4063 4310 4077 4120 4363 4072 4280 4152 4010 4346 4056 3914 4369 4047 4275 3926 4192 4152 4170 4438 4388 4007 3616 3567 4101 3987 3907 4206 4218 4284 4030 3827 3933 3873 4190 4266 4003 3929 4152 4022 4192 4240 4112 3910 4198 4601 4094 4021 4696 3931 3757 3813 4457 4174 4160 4428 4419 4480 4272 4150 4441 4353 4224 3683 4074 4354 4348 3943 4323 4313 4292 3710
4311 4184 4109 3966 4168 4036 4125 3752 4133 4049 3764 4144 4204 3807 3894 3975 3673 3971 4044 3546 3973 4078 4195 4007 4123 3788 3947 4236 3892 3458 3867 3857 3892 3758 4125 3684 3675 4040 3919 3786 3984 4034 3855 3770 4143 3810 4114 3992 3786 3969 3686 3578 3960 3995 4179 4118 3926 4214 3952 3905 4345 3900 4178 3963 3887 4254 3881 3816 4165 3755 4044 3966 3982 3897 3974 4184 4207 4030 3670 3548 3718 3803 3878 3839 4145 4162 3854 3786 3878 3823 4088 4154 3850 3846 4091 3737 4082 4149 4038 3617 4037 4166 4196 3861 4383 3632 3517 3629 4095 4225 4307 4179 4312 4338 4132 4012 4436 4197 3952 3593 3838 4220 3996 3748 4208 3976 4078 3491
4069 4105 4199 3943 3941 3953 3862 3731 4157 3961 3670 3898 4129 3745 3871 3732 3738 3747 3883 3827 3732 3857 4039 3674 4147 3817 3833 4080 3667 3430 3728 3673 3830 3694 4018 3564 3778 3829 3714 3793 4082 3633 3700 3723 4094 3791 4228 3870 3770 3984 3970 3545 3656 3961 4169 4038 3720 4117 3941 3932 4017 3889 4087 3896 3862 4161 3734 3749 4060 3885 3902 3751 3920 3831 3803 3986 4125 3799 3539 3430 3694 3582 3891 3894 3926 3954 4061 3552 3708 3638 3978 3968 4016 3715 3945 3820 3798 3799 3803 3546 3854 4040 4003 3899 4460 3640 3537 3481 4029 3787 4044 3947 4077 4134 3997 4176 4264 4249 3986 3588 3783 3881 3800 4018 3948 3947 4058 3324
3842 3549 3661 3259 3630 3769 3854 3366 3841 3657 3253 3542 3772 3479 3613 3320 3162 3611 3645 3369 3556 3554 3461 3361 3608 3307 3560 3708 3357 3046 3260 3572 3424 3404 3639 3158 3209 3589 3288 3189 3843 3601 3300 3440 3671 3345 3523 3596 3273 3616 3461 3173 3381 3528 3815 3818 3595 3581 3394 3529 3857 3488 3696 3630 3490 3771 3463 3452 3680 3541 3614 3350 3321 3457 3722 3567 3739 3498 3180 3175 3436 3383 3401 3443 3562 3645 3495 3131 3473 3249 3582 3470 3570 3405 3729 3427 3574 3695 3537 3161 3672 3739 3599 3481 3952 3196 3196 3218 3679 3567 3681 3567 3785 3608 3739 3473 3810 3652 3755 3364 3116 3635 3608 3310 3822 3544 3637 3119
4241 4185 4253 3891 4087 4259 4033 3746 4207 3832 3837 4219 3973 3899 4061 3783 3705 3905 4180 3763 3904 4078 3997 3915 4154 3863 4023 4219 3973 3622 3985 3878 3900 3806 4046 3671 3797 4008 3943 3659 4131 3840 3728 3701 4236 3831 4043 4011 3770 3934 3836 3630 3963 4118 4129 4162 3911 3995 3916 4052 4232 3754 4160 4024 3734 4190 4005 3584 4254 3791 4220 3793 3956 3827 4030 4298 4240 4014 3510 3571 3784 3938 3919 3822 3901 4288 3834 3707 3817 3661 4246 4127 3970 3781 4119 3955 4169 3865 4034 3834 4101 4095 4101 3856 4535 3689 3537 4016 4092 4004 4193 4126 4038 4340 4230 3846 4352 4204 4077 3646 3811 4113 4032 3877 4219 4089 3955 3517
4089 4089 3853 3824 3795 4080 3832 3767 4157 3674 3507 3828 4171 3820 3821 3760 3597 3465 3898 3673 3865 3997 3927 3673 3860 3657 3822 4013 3740 3368 3783 3607 3810 3553 3789 3354 3592 3895 3729 3642 3905 3561 3431 3622 3962 3879 3779 3825 3688 3791 3596 3373 3682 3933 3933 3984 3631 4003 3740 3802 4066 3663 3872 3890 3617 3980 3702 3750 4050 3579 3959 3635 3713 3634 3784 3965 3885 3836 3405 3443 3573 3442 3919 3649 3893 4055 3816 3503 3666 3607 3681 3889 3728 3675 3828 3806 3980 3743 3915 3705 4072 3938 3887 3858 4377 3501 3447 3807 3749 3949 3979 3924 3939 3960 4021 3821 4143 4229 3895 3328 3595 3936 3859 3707 3850 3853 3833 3559
3734 3577 3763 3469 3460 3601 3562 3341 3549 3465 3346 3601 3644 3354 3505 3603 3340 3730 3666 3247 3564 3653 3635 3382 3907 3394 3730 3683 3455 3249 3480 3475 3688 3328 3675 3279 3159 3545 3261 3258 3722 3382 3333 3325 3617 3562 3706 3592 3260 3662 3465 3437 3457 3398 3712 3610 3532 3759 3448 3465 3798 3650 3705 3562 3342 3794 3431 3342 3811 3667 3764 3309 3561 3537 3784 3722 3717 3397 3172 3191 3473 3274 3514 3408 3572 3731 3307 3179 3372 3262 3673 3719 3622 3364 3637 3431 3554 3680 3714 3372 3802 3669 3736 3456 4068 3343 3247 3313 3625 3602 3833 3613 3695 3723 3595 3316 3810 3853 3564 3238 3329 3614 3547 3348 3639 3589 3502 3227
4817 4646 4581 4148 4555 4630 4421 4281 4877 4404 4129 4468 4672 4396 4333 4402 4277 4365 4653 4071 4279 4493 4479 4289 4335 4048 4385 4774 4373 3915 4410 4309 4315 4165 4485 4174 4156 4514 4198 3971 4561 4367 4113 4100 4445 4122 4969 4467 4104 4631 4260 3997 4302 4464 4567 4828 4503 4608 4499 4440 4689 4298 4508 4503 4263 4763 4300 4281 4832 4481 4311 4278 4255 4170 4378 4708 4738 4296 3932 3947 4364 4334 4251 4168 4305 4429 4376 4018 4150 3998 4450 4613 4552 4310 4583 4329 4342 4453 4506 3977 4423 4730 4540 4506 4950 4021 4034 4053 4704 4444 4645 4620 4749 4712 4639 4417 4819 4820 4492 4296 4168 4453 4473 4195 4691 4502 4521 3955
4164 4173 4185 3760 4040 4223 4051 3887 4297 3893 3805 4279 4295 4198 3987 3882 3880 3880 4263 3983 4077 4259 4189 4020 4138 3918 4176 4302 4122 3693 4082 3978 3977 3959 4019 3755 3956 3956 3906 3829 4260 4029 3910 3888 4067 4046 4262 3981 3946 4226 3925 3568 3917 4079 4121 4122 4146 4107 3959 4002 4405 3754 4099 4052 3854 4408 3786 3927 4343 3996 4146 3958 3820 4051 4155 4219 4248 3795 3517 3615 3807 3914 4089 3772 4004 4335 3877 3932 3909 3849 4009 4186 4076 4069 4004 3930 4041 4115 4065 3841 4147 4076 4077 4124 4624 3667 3784 3913 4219 4172 4269 4080 4179 4360 4302 3971 4308 4495 4364 3798 3890 4169 4151 3798 4018 4147 4154 3774
3924 3927 3989 3766 3961 4016 3841 3639 3952 3832 3664 3876 4036 3675 3758 3664 3474 3935 3928 3639 3855 3870 3959 3857 3708 3793 3696 4041 3615 3535 3696 3733 3826 3678 3984 3476 3618 3810 3784 3558 4168 3772 3610 3513 3849 3592 3896 3862 3718 4029 3643 3367 3518 3847 4061 4047 3734 3896 3883 3833 4004 3662 3817 3878 3713 4089 3547 3523 3976 3718 3965 3594 3999 3799 3928 3919 4091 3681 3343 3257 3697 3705 3758 3636 3732 3896 3801 3491 3711 3624 3947 3871 3791 3596 3687 3730 3915 3853 3869 3564 3713 4001 3909 3839 4243 3530 3488 3523 3985 3853 3935 3943 4137 4151 3907 3719 4115 4073 3809 3445 3647 3955 3805 3684 3810 3777 3828 3453
4111 4084 4221 4041 4019 4020 4097 3746 4180 3856 3653 4121 4287 3799 3986 3720 3715 3922 3954 3666 3923 3974 4128 3743 3948 3908 4034 4264 3632 3673 3750 3696 3942 3824 4104 3497 3635 3867 3916 3551 3982 3751 3818 3814 4122 3770 4101 4119 3665 3912 3769 3453 3916 4052 4032 4104 3905 4089 3993 3996 4280 4100 4153 4007 3888 4113 3809 3792 4166 4020 4119 3653 4043 3844 3972 4086 4216 3926 3621 3321 3835 3671 3986 3792 3989 4082 3799 3495 3956 3880 3921 3818 3913 3786 3903 3844 4083 4117 3949 3522 4134 4346 3820 4011 4314 3584 3697 3591 4078 4053 4084 4137 4196 4073 3945 3786 4236 4150 4022 3511 3989 4083 3928 3600 4259 3832 3914 3559
4302 4126 4186 3809 3988 4144 3770 4054 4137 3821 3737 4131 4064 3876 3945 3775 3579 3942 3931 3930 3874 3980 4036 3818 4211 3851 3849 4139 3809 3633 3900 3971 3836 3807 3913 3586 3686 3991 3790 3654 4150 3917 3774 3862 4039 3727 4004 3844 3802 4079 3888 3595 3779 4151 3926 4203 3948 4049 3769 3945 4200 3920 4205 3846 3837 4149 3813 3814 4068 3864 3849 3903 3966 3811 3879 4191 4333 3866 3633 3503 3755 3862 3802 3893 3985 4240 4141 3690 3880 3573 3982 3970 4110 3802 4166 4036 4056 4084 3997 3631 4051 4090 4239 3964 4360 3723 3580 3623 4160 4043 4143 4177 4113 4181 4258 3947 4447 4437 4024 3697 3770 4083 4309 3776 4038 4146 4028 3501
3872 3817 3828 3564 3795 4017 3804 3649 3897 3594 3566 3901 3742 3520 3715 3680 3368 3681 3774 3520 3567 3792 3876 3676 3890 3543 3618 3956 3642 3312 3692 3485 3663 3488 3846 3380 3544 3738 3539 3566 4113 3616 3373 3685 3968 3738 3819 3625 3559 3617 3618 3568 3657 3792 3981 3799 3750 3942 3639 3740 4061 3587 3836 3816 3601 3831 3678 3562 3890 3654 3782 3554 3696 3598 3605 3951 3865 3688 3262 3452 3507 3564 3650 3537 3828 3830 3689 3490 3559 3558 3816 3724 3681 3730 3774 3560 3761 3761 3821 3413 3729 3847 3755 3595 4022 3518 3184 3410 3834 3973 4012 3961 3900 4106 3928 3944 3957 4118 3915 3435 3639 3850 3881 3647 3833 3925 3862 3100
4375 4172 4234 3910 3943 4148 3891 3843 4303 3957 3724 4009 4433 3838 3926 3848 3678 4038 4009 3833 3849 4035 4108 3719 4033 3821 3929 4202 3877 3646 3890 3967 4004 3635 3914 3662 3749 3855 3839 3671 4175 3820 3784 3626 4027 3901 4141 4037 3761 4163 3814 3620 3808 4178 4120 3985 3936 4104 4006 3984 4278 3982 4205 3850 3678 4164 3703 3752 4279 4039 4027 3632 4102 3917 3938 4192 4200 3829 3662 3463 3773 3751 3828 3680 3958 4067 3968 3655 3879 3602 3819 4115 3999 3822 3929 3964 4020 4174 4010 3702 4035 4147 4163 3791 4523 3558 3808 3672 3971 3940 4177 4070 4062 4343 4031 4103 4279 4298 4145 3724 3870 4033 3948 3787 4114 3933 3933 3496
3948 3752 3804 3578 3648 3739 3485 3622 3675 3740 3239 3704 3958 3449 3677 3684 3411 3524 3792 3424 3745 3638 3757 3544 3735 3525 3535 3885 3495 3220 3611 3487 3589 3444 3723 3367 3293 3651 3517 3496 3827 3482 3589 3451 3823 3653 3914 3547 3370 3702 3480 3477 3484 3526 3674 3813 3550 3816 3502 3497 3909 3685 3702 3526 3556 3914 3520 3542 3880 3660 3748 3406 3706 3528 3674 3695 3923 3553 3205 3265 3426 3456 3544 3675 3579 3788 3723 3327 3419 3376 3511 3863 3563 3471 3691 3469 3667 3627 3844 3407 3805 3850 3763 3603 4317 3299 3260 3278 3633 3687 3767 3816 3965 3827 3552 3589 3843 3977 3711 3463 3417 3826 3658 3481 3608 3740 3667 3295
3987 3917 3856 3521 3848 3948 3779 3687 3777 3542 3584 3869 3806 3789 3798 3695 3518 3647 3845 3697 3834 3971 3850 3733 3923 3565 3873 3978 3646 3178 3553 3644 3588 3609 3555 3182 3324 3689 3778 3617 3975 3657 3475 3639 3892 3735 3782 3872 3645 3830 3587 3368 3558 3700 3841 4096 3807 3867 3776 3707 3990 3586 3834 3929 3724 3956 3686 3700 3976 3493 3743 3677 3564 3735 3856 3976 3969 3622 3203 3245 3579 3662 3828 3577 3769 3926 3725 3693 3638 3546 3751 3877 3667 3699 3823 3626 3833 3783 3678 3384 3974 3769 3894 3956 4213 3338 3242 3519 3894 3907 4027 3844 3842 3872 3818 3749 4172 4194 4043 3275 3619 3829 3820 3392 3931 3757 3683 3533
4220 4068 4178 3829 3963 4233 3836 3802 4221 3877 3710 4162 4126 3789 4182 3812 3778 4040 4026 3775 3857 4135 3948 3946 4072 3918 3995 4184 3847 3666 4016 3787 3847 3670 3879 3709 3588 3936 3730 3623 4158 4037 4054 3753 4201 3808 4059 3954 3714 4006 3791 3733 3686 4025 4189 4185 4038 4023 4034 3821 4288 3945 4091 4137 3847 4189 3911 3811 4247 3963 4082 3812 4153 3872 3922 4238 4317 3880 3511 3658 3762 4142 3819 3828 4027 4077 4033 3420 3909 3547 4039 4133 4015 3819 3963 4084 3807 4041 4053 3692 4092 4073 4033 4047 4474 3780 3747 3698 4088 3956 4211 4093 4117 4306 4060 4073 4521 4338 4023 3741 3845 4167 4141 3832 4129 4042 4042 3450
4139 3979 4191 3848 4011 4119 4108 3951 3925 3811 3716 4274 4002 3950 4075 3788 3750 3843 4057 3696 3884 3922 4149 3827 4064 4059 3873 4244 3877 3629 3897 3830 3785 3808 4216 3618 3638 3928 3837 3685 4142 3897 3786 3961 4317 3748 3869 4012 3729 3966 3832 3681 3850 4034 4287 4078 3999 3996 4140 3919 4354 3867 4220 4081 3843 4123 3846 3739 4071 3970 4102 3717 4012 4107 4018 4298 4317 4148 3426 3532 3807 3872 3995 3919 4060 4069 3804 3906 4106 3777 4076 4122 3915 3888 3975 3812 4147 3960 4012 3731 4245 4236 4006 4050 4532 3671 3587 3861 4131 4082 4257 4122 4185 4181 4153 3907 4577 4215 4132 3391 3899 4284 4164 3736 4207 4162 4007 3603
